DATE,YEARS,FOPR,FOPRH,FGPR,FGPRH,FWPR,FWPRH,FLPR,FLPRH,FVPR,FOPRF,FOPRS,FGSR,FGPRF,FGPRS,FOPP,FWPP,FGPP,FMWPR,FMWIN,FVIR,FWIR,FWIRH,FGIR,FGIRH,FGLIR,FMCTP,FVPT,FOPT,FOPTH,FWPT,FWPTH,FGPT,FGPTH,FWIT,FWITH,FGIT,FGITH,FOPTF,FOPTS,FWIP,FOIP,FGIP,FWCT,FWCTH,FGOR,FGORH,FGLR,FWGR,FPR,RPR:1,RPR:2,RPR:3,RPR:4,RPR:5,RPR:6,RPR:7,RPR:8,RPR:9,RPR:10,RPR:11,RPR:12,RPR:13,RPR:14,RPR:15,RPR:16,RPR:17,RPR:18,RPR:19,RPR:20,RPR:21,ROIP:1,ROIP:2,ROIP:3,ROIP:4,ROIP:5,ROIP:6,ROIP:7,ROIP:8,ROIP:9,ROIP:10,ROIP:11,ROIP:12,ROIP:13,ROIP:14,ROIP:15,ROIP:16,ROIP:17,ROIP:18,ROIP:19,ROIP:20,ROIP:21,ROE:1,ROE:2,ROE:3,ROE:4,ROE:5,ROE:6,ROE:7,ROE:8,ROE:9,ROE:10,ROE:11,ROE:12,ROE:13,ROE:14,ROE:15,ROE:16,ROE:17,ROE:18,ROE:19,ROE:20,ROE:21,ROIPL:1,ROIPL:2,ROIPL:3,ROIPL:4,ROIPL:5,ROIPL:6,ROIPL:7,ROIPL:8,ROIPL:9,ROIPL:10,ROIPL:11,ROIPL:12,ROIPL:13,ROIPL:14,ROIPL:15,ROIPL:16,ROIPL:17,ROIPL:18,ROIPL:19,ROIPL:20,ROIPL:21,ROIPG:1,ROIPG:2,ROIPG:3,ROIPG:4,ROIPG:5,ROIPG:6,ROIPG:7,ROIPG:8,ROIPG:9,ROIPG:10,ROIPG:11,ROIPG:12,ROIPG:13,ROIPG:14,ROIPG:15,ROIPG:16,ROIPG:17,ROIPG:18,ROIPG:19,ROIPG:20,ROIPG:21,RGIP:1,RGIP:2,RGIP:3,RGIP:4,RGIP:5,RGIP:6,RGIP:7,RGIP:8,RGIP:9,RGIP:10,RGIP:11,RGIP:12,RGIP:13,RGIP:14,RGIP:15,RGIP:16,RGIP:17,RGIP:18,RGIP:19,RGIP:20,RGIP:21,RGIPL:1,RGIPL:2,RGIPL:3,RGIPL:4,RGIPL:5,RGIPL:6,RGIPL:7,RGIPL:8,RGIPL:9,RGIPL:10,RGIPL:11,RGIPL:12,RGIPL:13,RGIPL:14,RGIPL:15,RGIPL:16,RGIPL:17,RGIPL:18,RGIPL:19,RGIPL:20,RGIPL:21,RGIPG:1,RGIPG:2,RGIPG:3,RGIPG:4,RGIPG:5,RGIPG:6,RGIPG:7,RGIPG:8,RGIPG:9,RGIPG:10,RGIPG:11,RGIPG:12,RGIPG:13,RGIPG:14,RGIPG:15,RGIPG:16,RGIPG:17,RGIPG:18,RGIPG:19,RGIPG:20,RGIPG:21,RGPR:1,RGPR:2,RGPR:3,RGPR:4,RGPR:5,RGPR:6,RGPR:7,RGPR:8,RGPR:9,RGPR:10,RGPR:11,RGPR:12,RGPR:13,RGPR:14,RGPR:15,RGPR:16,RGPR:17,RGPR:18,RGPR:19,RGPR:20,RGPR:21,RGPT:1,RGPT:2,RGPT:3,RGPT:4,RGPT:5,RGPT:6,RGPT:7,RGPT:8,RGPT:9,RGPT:10,RGPT:11,RGPT:12,RGPT:13,RGPT:14,RGPT:15,RGPT:16,RGPT:17,RGPT:18,RGPT:19,RGPT:20,RGPT:21,GMWPR:RFT,GMWPR:OP,GMWPR:WI,GMWIN:RFT,GMWIN:OP,GMWIN:WI,GGLIR:RFT,GGLIR:OP,GGLIR:WI,GOPR:RFT,GOPR:OP,GOPR:WI,GOPRH:RFT,GOPRH:OP,GOPRH:WI,GGPR:RFT,GGPR:OP,GGPR:WI,GGPRH:RFT,GGPRH:OP,GGPRH:WI,GWPR:RFT,GWPR:OP,GWPR:WI,GWPRH:RFT,GWPRH:OP,GWPRH:WI,GVPR:RFT,GVPR:OP,GVPR:WI,GLPR:RFT,GLPR:OP,GLPR:WI,GOPRF:RFT,GOPRF:OP,GOPRF:WI,GOPRS:RFT,GOPRS:OP,GOPRS:WI,GGPRF:RFT,GGPRF:OP,GGPRF:WI,GGPRS:RFT,GGPRS:OP,GGPRS:WI,GWCT:RFT,GWCT:OP,GWCT:WI,GWCTH:RFT,GWCTH:OP,GWCTH:WI,GGOR:RFT,GGOR:OP,GGOR:WI,GGORH:RFT,GGORH:OP,GGORH:WI,GWGR:RFT,GWGR:OP,GWGR:WI,GGLR:RFT,GGLR:OP,GGLR:WI,GOPT:RFT,GOPT:OP,GOPT:WI,GOPTH:RFT,GOPTH:OP,GOPTH:WI,GGPT:RFT,GGPT:OP,GGPT:WI,GGPTH:RFT,GGPTH:OP,GGPTH:WI,GWPT:RFT,GWPT:OP,GWPT:WI,GWPTH:RFT,GWPTH:OP,GWPTH:WI,GVPT:RFT,GVPT:OP,GVPT:WI,GLPT:RFT,GLPT:OP,GLPT:WI,GOPTF:RFT,GOPTF:OP,GOPTF:WI,GOPTS:RFT,GOPTS:OP,GOPTS:WI,GGPTF:RFT,GGPTF:OP,GGPTF:WI,GGPTS:RFT,GGPTS:OP,GGPTS:WI,GWIR:RFT,GWIR:OP,GWIR:WI,GVIR:RFT,GVIR:OP,GVIR:WI,GWIRH:RFT,GWIRH:OP,GWIRH:WI,GGIR:RFT,GGIR:OP,GGIR:WI,GGIRH:RFT,GGIRH:OP,GGIRH:WI,GPR:RFT,GPR:OP,GPR:WI,GPR:FIELD,GOPP:RFT,GOPP:OP,GOPP:WI,GGPP:RFT,GGPP:OP,GGPP:WI,GWPP:RFT,GWPP:OP,GWPP:WI,GMCTP:RFT,GMCTP:OP,GMCTP:WI,WOPR:R_A2,WOPR:R_A3,WOPR:R_A4,WOPR:R_A5,WOPR:R_A6,WOPR:A1,WOPR:A2,WOPR:A5,WOPR:A3,WOPR:A4,WOPR:A6,WOPRH:R_A2,WOPRH:R_A3,WOPRH:R_A4,WOPRH:R_A5,WOPRH:R_A6,WOPRH:A1,WOPRH:A2,WOPRH:A5,WOPRH:A3,WOPRH:A4,WOPRH:A6,WGPR:R_A2,WGPR:R_A3,WGPR:R_A4,WGPR:R_A5,WGPR:R_A6,WGPR:A1,WGPR:A2,WGPR:A5,WGPR:A3,WGPR:A4,WGPR:A6,WGPRH:R_A2,WGPRH:R_A3,WGPRH:R_A4,WGPRH:R_A5,WGPRH:R_A6,WGPRH:A1,WGPRH:A2,WGPRH:A5,WGPRH:A3,WGPRH:A4,WGPRH:A6,WWPR:R_A2,WWPR:R_A3,WWPR:R_A4,WWPR:R_A5,WWPR:R_A6,WWPR:A1,WWPR:A2,WWPR:A5,WWPR:A3,WWPR:A4,WWPR:A6,WWPRH:R_A2,WWPRH:R_A3,WWPRH:R_A4,WWPRH:R_A5,WWPRH:R_A6,WWPRH:A1,WWPRH:A2,WWPRH:A5,WWPRH:A3,WWPRH:A4,WWPRH:A6,WLPR:R_A2,WLPR:R_A3,WLPR:R_A4,WLPR:R_A5,WLPR:R_A6,WLPR:A1,WLPR:A2,WLPR:A5,WLPR:A3,WLPR:A4,WLPR:A6,WLPRH:R_A2,WLPRH:R_A3,WLPRH:R_A4,WLPRH:R_A5,WLPRH:R_A6,WLPRH:A1,WLPRH:A2,WLPRH:A5,WLPRH:A3,WLPRH:A4,WLPRH:A6,WOPT:R_A2,WOPT:R_A3,WOPT:R_A4,WOPT:R_A5,WOPT:R_A6,WOPT:A1,WOPT:A2,WOPT:A5,WOPT:A3,WOPT:A4,WOPT:A6,WWPT:R_A2,WWPT:R_A3,WWPT:R_A4,WWPT:R_A5,WWPT:R_A6,WWPT:A1,WWPT:A2,WWPT:A5,WWPT:A3,WWPT:A4,WWPT:A6,WGPT:R_A2,WGPT:R_A3,WGPT:R_A4,WGPT:R_A5,WGPT:R_A6,WGPT:A1,WGPT:A2,WGPT:A5,WGPT:A3,WGPT:A4,WGPT:A6,WOPTH:R_A2,WOPTH:R_A3,WOPTH:R_A4,WOPTH:R_A5,WOPTH:R_A6,WOPTH:A1,WOPTH:A2,WOPTH:A5,WOPTH:A3,WOPTH:A4,WOPTH:A6,WWPTH:R_A2,WWPTH:R_A3,WWPTH:R_A4,WWPTH:R_A5,WWPTH:R_A6,WWPTH:A1,WWPTH:A2,WWPTH:A5,WWPTH:A3,WWPTH:A4,WWPTH:A6,WGPTH:R_A2,WGPTH:R_A3,WGPTH:R_A4,WGPTH:R_A5,WGPTH:R_A6,WGPTH:A1,WGPTH:A2,WGPTH:A5,WGPTH:A3,WGPTH:A4,WGPTH:A6,WWCT:R_A2,WWCT:R_A3,WWCT:R_A4,WWCT:R_A5,WWCT:R_A6,WWCT:A1,WWCT:A2,WWCT:A5,WWCT:A3,WWCT:A4,WWCT:A6,WWCTH:R_A2,WWCTH:R_A3,WWCTH:R_A4,WWCTH:R_A5,WWCTH:R_A6,WWCTH:A1,WWCTH:A2,WWCTH:A5,WWCTH:A3,WWCTH:A4,WWCTH:A6,WGOR:R_A2,WGOR:R_A3,WGOR:R_A4,WGOR:R_A5,WGOR:R_A6,WGOR:A1,WGOR:A2,WGOR:A5,WGOR:A3,WGOR:A4,WGOR:A6,WGORH:R_A2,WGORH:R_A3,WGORH:R_A4,WGORH:R_A5,WGORH:R_A6,WGORH:A1,WGORH:A2,WGORH:A5,WGORH:A3,WGORH:A4,WGORH:A6,WWIR:R_A2,WWIR:R_A3,WWIR:R_A4,WWIR:R_A5,WWIR:R_A6,WWIR:A1,WWIR:A2,WWIR:A5,WWIR:A3,WWIR:A4,WWIR:A6,WWIRH:R_A2,WWIRH:R_A3,WWIRH:R_A4,WWIRH:R_A5,WWIRH:R_A6,WWIRH:A1,WWIRH:A2,WWIRH:A5,WWIRH:A3,WWIRH:A4,WWIRH:A6,WGIR:R_A2,WGIR:R_A3,WGIR:R_A4,WGIR:R_A5,WGIR:R_A6,WGIR:A1,WGIR:A2,WGIR:A5,WGIR:A3,WGIR:A4,WGIR:A6,WGIRH:R_A2,WGIRH:R_A3,WGIRH:R_A4,WGIRH:R_A5,WGIRH:R_A6,WGIRH:A1,WGIRH:A2,WGIRH:A5,WGIRH:A3,WGIRH:A4,WGIRH:A6,WWIT:R_A2,WWIT:R_A3,WWIT:R_A4,WWIT:R_A5,WWIT:R_A6,WWIT:A1,WWIT:A2,WWIT:A5,WWIT:A3,WWIT:A4,WWIT:A6,WWITH:R_A2,WWITH:R_A3,WWITH:R_A4,WWITH:R_A5,WWITH:R_A6,WWITH:A1,WWITH:A2,WWITH:A5,WWITH:A3,WWITH:A4,WWITH:A6,WGIT:R_A2,WGIT:R_A3,WGIT:R_A4,WGIT:R_A5,WGIT:R_A6,WGIT:A1,WGIT:A2,WGIT:A5,WGIT:A3,WGIT:A4,WGIT:A6,WGITH:R_A2,WGITH:R_A3,WGITH:R_A4,WGITH:R_A5,WGITH:R_A6,WGITH:A1,WGITH:A2,WGITH:A5,WGITH:A3,WGITH:A4,WGITH:A6,WBHP:R_A2,WBHP:R_A3,WBHP:R_A4,WBHP:R_A5,WBHP:R_A6,WBHP:A1,WBHP:A2,WBHP:A5,WBHP:A3,WBHP:A4,WBHP:A6,WTHP:R_A2,WTHP:R_A3,WTHP:R_A4,WTHP:R_A5,WTHP:R_A6,WTHP:A1,WTHP:A2,WTHP:A5,WTHP:A3,WTHP:A4,WTHP:A6,WPI:R_A2,WPI:R_A3,WPI:R_A4,WPI:R_A5,WPI:R_A6,WPI:A1,WPI:A2,WPI:A5,WPI:A3,WPI:A4,WPI:A6,WVPR:R_A2,WVPR:R_A3,WVPR:R_A4,WVPR:R_A5,WVPR:R_A6,WVPR:A1,WVPR:A2,WVPR:A5,WVPR:A3,WVPR:A4,WVPR:A6,WBP:R_A2,WBP:R_A3,WBP:R_A4,WBP:R_A5,WBP:R_A6,WBP:A1,WBP:A2,WBP:A5,WBP:A3,WBP:A4,WBP:A6,WBP4:R_A2,WBP4:R_A3,WBP4:R_A4,WBP4:R_A5,WBP4:R_A6,WBP4:A1,WBP4:A2,WBP4:A5,WBP4:A3,WBP4:A4,WBP4:A6,WBP9:R_A2,WBP9:R_A3,WBP9:R_A4,WBP9:R_A5,WBP9:R_A6,WBP9:A1,WBP9:A2,WBP9:A5,WBP9:A3,WBP9:A4,WBP9:A6,WMCTL:R_A2,WMCTL:R_A3,WMCTL:R_A4,WMCTL:R_A5,WMCTL:R_A6,WMCTL:A1,WMCTL:A2,WMCTL:A5,WMCTL:A3,WMCTL:A4,WMCTL:A6,WSTAT:R_A2,WSTAT:R_A3,WSTAT:R_A4,WSTAT:R_A5,WSTAT:R_A6,WSTAT:A1,WSTAT:A2,WSTAT:A5,WSTAT:A3,WSTAT:A4,WSTAT:A6,WGLIR:R_A2,WGLIR:R_A3,WGLIR:R_A4,WGLIR:R_A5,WGLIR:R_A6,WGLIR:A1,WGLIR:A2,WGLIR:A5,WGLIR:A3,WGLIR:A4,WGLIR:A6,WOGLR:R_A2,WOGLR:R_A3,WOGLR:R_A4,WOGLR:R_A5,WOGLR:R_A6,WOGLR:A1,WOGLR:A2,WOGLR:A5,WOGLR:A3,WOGLR:A4,WOGLR:A6,WTPRWT1:R_A2,WTPRWT1:R_A3,WTPRWT1:R_A4,WTPRWT1:R_A5,WTPRWT1:R_A6,WTPRWT1:A1,WTPRWT1:A2,WTPRWT1:A5,WTPRWT1:A3,WTPRWT1:A4,WTPRWT1:A6,WTPRWT2:R_A2,WTPRWT2:R_A3,WTPRWT2:R_A4,WTPRWT2:R_A5,WTPRWT2:R_A6,WTPRWT2:A1,WTPRWT2:A2,WTPRWT2:A5,WTPRWT2:A3,WTPRWT2:A4,WTPRWT2:A6,WTPTWT1:R_A2,WTPTWT1:R_A3,WTPTWT1:R_A4,WTPTWT1:R_A5,WTPTWT1:R_A6,WTPTWT1:A1,WTPTWT1:A2,WTPTWT1:A5,WTPTWT1:A3,WTPTWT1:A4,WTPTWT1:A6,WTPTWT2:R_A2,WTPTWT2:R_A3,WTPTWT2:R_A4,WTPTWT2:R_A5,WTPTWT2:R_A6,WTPTWT2:A1,WTPTWT2:A2,WTPTWT2:A5,WTPTWT2:A3,WTPTWT2:A4,WTPTWT2:A6,WTPCWT1:R_A2,WTPCWT1:R_A3,WTPCWT1:R_A4,WTPCWT1:R_A5,WTPCWT1:R_A6,WTPCWT1:A1,WTPCWT1:A2,WTPCWT1:A5,WTPCWT1:A3,WTPCWT1:A4,WTPCWT1:A6,WTPCWT2:R_A2,WTPCWT2:R_A3,WTPCWT2:R_A4,WTPCWT2:R_A5,WTPCWT2:R_A6,WTPCWT2:A1,WTPCWT2:A2,WTPCWT2:A5,WTPCWT2:A3,WTPCWT2:A4,WTPCWT2:A6,WTIRWT1:R_A2,WTIRWT1:R_A3,WTIRWT1:R_A4,WTIRWT1:R_A5,WTIRWT1:R_A6,WTIRWT1:A1,WTIRWT1:A2,WTIRWT1:A5,WTIRWT1:A3,WTIRWT1:A4,WTIRWT1:A6,WTIRWT2:R_A2,WTIRWT2:R_A3,WTIRWT2:R_A4,WTIRWT2:R_A5,WTIRWT2:R_A6,WTIRWT2:A1,WTIRWT2:A2,WTIRWT2:A5,WTIRWT2:A3,WTIRWT2:A4,WTIRWT2:A6,WTITWT1:R_A2,WTITWT1:R_A3,WTITWT1:R_A4,WTITWT1:R_A5,WTITWT1:R_A6,WTITWT1:A1,WTITWT1:A2,WTITWT1:A5,WTITWT1:A3,WTITWT1:A4,WTITWT1:A6,WTITWT2:R_A2,WTITWT2:R_A3,WTITWT2:R_A4,WTITWT2:R_A5,WTITWT2:R_A6,WTITWT2:A1,WTITWT2:A2,WTITWT2:A5,WTITWT2:A3,WTITWT2:A4,WTITWT2:A6,WTICWT1:R_A2,WTICWT1:R_A3,WTICWT1:R_A4,WTICWT1:R_A5,WTICWT1:R_A6,WTICWT1:A1,WTICWT1:A2,WTICWT1:A5,WTICWT1:A3,WTICWT1:A4,WTICWT1:A6,WTICWT2:R_A2,WTICWT2:R_A3,WTICWT2:R_A4,WTICWT2:R_A5,WTICWT2:R_A6,WTICWT2:A1,WTICWT2:A2,WTICWT2:A5,WTICWT2:A3,WTICWT2:A4,WTICWT2:A6,TCPU,TCPUDAY
2018-01-01,0.0,0.0,0.0,0.0,0.0,0.0,0.0,0.0,0.0,0.0,0.0,0.0,0.0,0.0,0.0,0.0,0.0,0.0,0.0,0.0,0.0,0.0,0.0,0.0,0.0,0.0,0.0,0.0,0.0,0.0,0.0,0.0,0.0,0.0,0.0,0.0,0.0,0.0,0.0,0.0,481932928.0,41366924.0,6793085952.0,0.0,0.0,0.0,0.0,0.0,0.0,300.88372802734375,300.07257080078125,301.9539794921875,301.6136779785156,299.55499267578125,299.6465148925781,299.3112487792969,301.2325744628906,300.4388732910156,302.8630676269531,302.21234130859375,299.9096984863281,300.6708984375,299.82147216796875,320.4288635253906,301.0907897949219,302.7217102050781,302.9862060546875,300.3661804199219,301.9720458984375,300.787109375,314.67059326171875,326764.40625,6434491.5,3479879.0,226593.453125,1131977.125,7832410.5,60593.1796875,156822.109375,1796555.125,1742355.125,233873.171875,810727.25,4119941.0,0.0,31764.16796875,3076427.0,368461.34375,298325.78125,1231000.0,8007964.5,0.0,0.0,0.0,0.0,0.0,0.0,0.0,0.0,0.0,0.0,0.0,0.0,0.0,0.0,0.0,0.0,0.0,0.0,0.0,0.0,0.0,0.0,326764.40625,6434491.5,3479879.0,158627.234375,1131977.125,7832410.5,60593.1796875,156822.109375,1796555.125,1742355.125,172715.484375,810727.25,4119941.0,0.0,31764.16796875,3076427.0,368461.34375,280646.3125,1231000.0,8007964.5,0.0,0.0,0.0,0.0,67966.21875,0.0,0.0,0.0,0.0,0.0,0.0,61157.6953125,0.0,0.0,0.0,0.0,0.0,0.0,17679.470703125,0.0,0.0,0.0,46014964.0,906105088.0,490036576.0,474487200.0,159405024.0,1102960128.0,8532731.0,22083690.0,252990896.0,245358448.0,430871584.0,114166616.0,580170112.0,0.0,4473030.0,433222464.0,51886728.0,169290096.0,173349424.0,1127681536.0,0.0,46014964.0,906105088.0,490036576.0,31079836.0,159405024.0,1102960128.0,8532731.0,22083690.0,252990896.0,245358448.0,33840144.0,114166616.0,580170112.0,0.0,4473030.0,433222464.0,51886728.0,54987032.0,173349424.0,1127681536.0,0.0,-1.4901161193847656e-08,0.0,5.960464477539063e-08,443407360.0,0.0,0.0,0.0,0.0,-2.9802322387695312e-08,2.9802322387695312e-08,397031424.0,-1.4901161193847656e-08,0.0,0.0,0.0,0.0,0.0,114303064.0,-5.960464477539063e-08,0.0,0.0,0.0,0.0,0.0,0.0,0.0,0.0,0.0,0.0,0.0,0.0,0.0,0.0,0.0,0.0,0.0,0.0,0.0,0.0,0.0,0.0,0.0,0.0,0.0,0.0,0.0,0.0,0.0,0.0,0.0,0.0,0.0,0.0,0.0,0.0,0.0,0.0,0.0,0.0,0.0,0.0,0.0,0.0,0.0,0.0,0.0,0.0,0.0,0.0,0.0,0.0,0.0,0.0,0.0,0.0,0.0,0.0,0.0,0.0,0.0,0.0,0.0,0.0,0.0,0.0,0.0,0.0,0.0,0.0,0.0,0.0,0.0,0.0,0.0,0.0,0.0,0.0,0.0,0.0,0.0,0.0,0.0,0.0,0.0,0.0,0.0,0.0,0.0,0.0,0.0,0.0,0.0,0.0,0.0,0.0,0.0,0.0,0.0,0.0,0.0,0.0,0.0,0.0,0.0,0.0,0.0,0.0,0.0,0.0,0.0,0.0,0.0,0.0,0.0,0.0,0.0,0.0,0.0,0.0,0.0,0.0,0.0,0.0,0.0,0.0,0.0,0.0,0.0,0.0,0.0,0.0,0.0,0.0,0.0,0.0,0.0,0.0,0.0,0.0,0.0,0.0,0.0,0.0,0.0,0.0,0.0,0.0,0.0,0.0,0.0,0.0,0.0,0.0,0.0,0.0,0.0,0.0,0.0,0.0,0.0,0.0,0.0,0.0,0.0,0.0,0.0,0.0,0.0,0.0,0.0,0.0,0.0,0.0,0.0,0.0,0.0,0.0,0.0,0.0,0.0,0.0,0.0,0.0,0.0,0.0,0.0,0.0,0.0,0.0,0.0,0.0,0.0,0.0,0.0,0.0,0.0,0.0,0.0,0.0,0.0,0.0,0.0,0.0,0.0,0.0,0.0,0.0,0.0,0.0,0.0,0.0,0.0,0.0,0.0,0.0,0.0,0.0,0.0,0.0,0.0,0.0,0.0,0.0,0.0,0.0,0.0,0.0,0.0,0.0,0.0,0.0,0.0,0.0,0.0,0.0,0.0,0.0,0.0,0.0,0.0,0.0,0.0,0.0,0.0,0.0,0.0,0.0,0.0,0.0,0.0,0.0,0.0,0.0,0.0,0.0,0.0,0.0,0.0,0.0,0.0,0.0,0.0,0.0,0.0,0.0,0.0,0.0,0.0,0.0,0.0,0.0,0.0,0.0,0.0,0.0,0.0,0.0,0.0,0.0,0.0,0.0,0.0,0.0,0.0,0.0,0.0,0.0,0.0,0.0,0.0,0.0,0.0,0.0,0.0,0.0,0.0,0.0,0.0,0.0,0.0,0.0,0.0,0.0,0.0,0.0,0.0,0.0,0.0,0.0,0.0,0.0,0.0,0.0,0.0,0.0,0.0,0.0,0.0,0.0,0.0,0.0,0.0,0.0,0.0,0.0,0.0,0.0,0.0,0.0,0.0,0.0,0.0,0.0,0.0,0.0,0.0,0.0,0.0,0.0,0.0,0.0,0.0,0.0,0.0,0.0,0.0,0.0,0.0,0.0,0.0,0.0,0.0,0.0,0.0,0.0,0.0,0.0,0.0,0.0,0.0,0.0,0.0,0.0,0.0,0.0,0.0,0.0,0.0,0.0,0.0,0.0,0.0,0.0,0.0,0.0,0.0,0.0,0.0,0.0,0.0,0.0,0.0,0.0,0.0,0.0,0.0,0.0,0.0,0.0,0.0,0.0,0.0,0.0,0.0,0.0,0.0,0.0,0.0,0.0,0.0,0.0,0.0,0.0,0.0,0.0,0.0,0.0,0.0,0.0,0.0,0.0,0.0,0.0,0.0,0.0,0.0,0.0,0.0,0.0,0.0,0.0,0.0,0.0,0.0,0.0,0.0,0.0,0.0,0.0,0.0,0.0,0.0,0.0,0.0,0.0,0.0,0.0,0.0,0.0,0.0,0.0,0.0,0.0,0.0,0.0,0.0,0.0,0.0,0.0,0.0,0.0,0.0,0.0,0.0,0.0,0.0,0.0,0.0,0.0,0.0,0.0,0.0,0.0,0.0,0.0,0.0,0.0,0.0,0.0,0.0,0.0,0.0,0.0,0.0,0.0,0.0,0.0,0.0,0.0,0.0,0.0,0.0,0.0,0.0,0.0,0.0,0.0,0.0,0.0,0.0,0.0,0.0,0.0,0.0,0.0,0.0,0.0,0.0,0.0,0.0,0.0,0.0,0.0,301.3553466796875,300.33477783203125,300.65765380859375,304.89794921875,307.1378173828125,0.0,0.0,0.0,0.0,0.0,0.0,301.3480224609375,300.4867248535156,300.9322814941406,304.9626159667969,307.0016784667969,0.0,0.0,0.0,0.0,0.0,0.0,301.36029052734375,300.4390563964844,300.8363037109375,304.9259033203125,307.0467529296875,0.0,0.0,0.0,0.0,0.0,0.0,0.0,0.0,0.0,0.0,0.0,0.0,0.0,0.0,0.0,0.0,0.0,1.0,1.0,1.0,1.0,1.0,0.0,0.0,0.0,0.0,0.0,0.0,0.0,0.0,0.0,0.0,0.0,0.0,0.0,0.0,0.0,0.0,0.0,0.0,0.0,0.0,0.0,0.0,0.0,0.0,0.0,0.0,0.0,0.0,0.0,0.0,0.0,0.0,0.0,0.0,0.0,0.0,0.0,0.0,0.0,0.0,0.0,0.0,0.0,0.0,0.0,0.0,0.0,0.0,0.0,0.0,0.0,0.0,0.0,0.0,0.0,0.0,0.0,0.0,0.0,0.0,0.0,0.0,0.0,0.0,0.0,0.0,0.0,0.0,0.0,0.0,0.0,0.0,0.0,0.0,0.0,0.0,0.0,0.0,0.0,0.0,0.0,0.0,0.0,0.0,0.0,0.0,0.0,0.0,0.0,0.0,0.0,0.0,0.0,0.0,0.0,0.0,0.0,0.0,0.0,0.0,0.0,0.0,0.0,0.0,0.0,0.0,0.0,0.0,0.0,0.0,0.0,0.0,0.0,0.0,0.0,0.0,0.0,0.0,0.0,0.0,0.0,0.0,0.0,0.0,0.0,0.0,0.0,0.0,0.0,0.0,0.0,0.0,0.0,0.0,0.0,0.0,0.0,0.0,0.0,0.0,0.0,0.0,0.0,0.0,0.0,0.0,0.0,0.0,0.0,0.0,0.0,0.0,0.0,0.0,0.0,0.0,0.0,0.0,0.0,0.0,1.5100001096725464,0.0
2018-02-01,0.08487337082624435,3994.99365234375,3999.989501953125,562575.0,563278.5,6.941009998321533,0.010463959537446499,4001.9345703125,4000.0,5740.4208984375,3994.99365234375,0.0,562575.0,0.0,562575.0,51567.515625,96.81138610839844,7261737.5,1.0,0.0,0.0,0.0,0.0,0.0,0.0,0.0,0.0,154948.03125,107860.7890625,107999.71875,192.96546936035156,0.2825269103050232,15188956.0,15208520.0,0.0,0.0,0.0,0.0,107860.7890625,0.0,481932736.0,41259064.0,6777896960.0,0.0017344136722385883,2.6159898425248684e-06,140.82000732421875,140.8199920654297,140.5757598876953,1.2337927728367504e-05,295.0335693359375,299.84564208984375,301.2673645019531,300.1902160644531,299.4450988769531,296.9153747558594,284.4596252441406,298.0235595703125,300.2682800292969,302.40411376953125,301.3074035644531,299.7477722167969,300.6459655761719,285.63958740234375,319.12017822265625,300.8619689941406,301.9400329589844,302.5799560546875,300.0955505371094,301.5350646972656,292.6837463378906,303.8201904296875,326764.40625,6432925.5,3479644.0,226567.921875,1130933.625,7791962.5,60534.43359375,156822.109375,1796236.875,1742661.0,233898.5625,810721.0625,4094449.5,-0.002945556305348873,31764.166015625,3076458.0,368441.875,298279.40625,1230980.25,7969019.0,-0.0903179869055748,-5.075517250929806e-08,0.0002433885238133371,6.75423361826688e-05,0.00011273433483438566,0.0009218738996423781,0.005164172034710646,0.0009695119806565344,-1.4720280994140467e-08,0.00017710721294861287,-0.00017556715465616435,-0.00010854504944290966,7.666398232686333e-06,0.00618733698502183,0.0,2.9524997557928145e-08,-1.0011129234044347e-05,5.288596003083512e-05,0.00015551272372249514,1.6061041606008075e-05,0.004863333888351917,0.0,326764.40625,6432925.5,3479644.0,158604.671875,1130933.625,7791962.5,60534.43359375,156822.109375,1796236.875,1742661.0,172769.28125,810721.0625,4094449.5,-0.0029664337635040283,31764.166015625,3076458.0,368441.875,280648.15625,1230980.25,7969019.0,-0.09064650535583496,-0.00010535039473325014,-0.001455719699151814,-0.00044234274537302554,67963.2421875,0.0,-0.00046044247574172914,0.0007547746645286679,-6.0700545873260126e-05,-0.00027421285631135106,-0.0006043705507181585,61129.28515625,0.0,-0.00010476539318915457,2.0877445422229357e-05,-1.0226228368992452e-05,-0.0010314640821889043,0.00044286350021138787,17631.244140625,-1.13640128418524e-08,-0.0005207942449487746,0.0003285156562924385,46015068.0,905884544.0,490062240.0,474501600.0,159258064.0,1097264256.0,8524458.0,22083690.0,252946080.0,245401536.0,430854240.0,114165736.0,576580416.0,-0.41488268971443176,4473030.0,433226976.0,51883984.0,169227424.0,173346640.0,1122197248.0,-14.186758041381836,46015068.0,905884544.0,490062272.0,31074070.0,159258064.0,1097264256.0,8524455.0,22083690.0,252946080.0,245401536.0,33850660.0,114165736.0,576580416.0,-0.5036453008651733,4473030.0,433226976.0,51883984.0,54981904.0,173346640.0,1122197248.0,-15.565065383911133,-0.4410543739795685,-6.043586254119873,-1.8032418489456177,443427520.0,0.0,-1.964831829071045,3.244441509246826,-0.2528441250324249,-1.1325149536132812,-2.5148844718933105,397003584.0,0.0,-0.46627891063690186,0.08876258134841919,-0.04296114295721054,-4.2546892166137695,1.8588136434555054,114245520.0,-4.8220157623291016e-05,-2.226214647293091,1.3783071041107178,0.0,0.0,0.0,0.0,0.0,188619.9375,0.0,0.0,0.0,0.0,0.0,0.0,145698.34375,0.0,0.0,0.0,0.0,0.0,0.0,228256.71875,0.0,0.0,0.0,0.0,0.0,0.0,5513935.5,0.0,0.0,0.0,0.0,0.0,0.0,3838411.0,0.0,0.0,0.0,0.0,0.0,0.0,5836609.0,0.0,0.0,1.0,0.0,0.0,0.0,0.0,0.0,0.0,0.0,0.0,3994.99365234375,0.0,0.0,3999.989501953125,0.0,0.0,562575.0,0.0,0.0,563278.5,0.0,0.0,6.941009998321533,0.0,0.0,0.010463959537446499,0.0,0.0,5740.4208984375,0.0,0.0,4001.9345703125,0.0,0.0,3994.99365234375,0.0,0.0,0.0,0.0,0.0,0.0,0.0,0.0,562575.0,0.0,0.0,0.0017344136722385883,0.0,0.0,2.6159898425248684e-06,0.0,0.0,140.82000732421875,0.0,0.0,140.8199920654297,0.0,0.0,1.2337927728367504e-05,0.0,0.0,140.5757598876953,0.0,0.0,107860.7890625,0.0,0.0,107999.71875,0.0,0.0,15188956.0,0.0,0.0,15208520.0,0.0,0.0,192.96546936035156,0.0,0.0,0.2825269103050232,0.0,0.0,154948.03125,0.0,0.0,108053.75,0.0,0.0,107860.7890625,0.0,0.0,0.0,0.0,0.0,0.0,0.0,0.0,15188956.0,0.0,0.0,0.0,0.0,0.0,0.0,0.0,0.0,0.0,0.0,0.0,0.0,0.0,0.0,0.0,0.0,0.0,0.0,0.0,0.0,0.0,51567.515625,0.0,0.0,7261737.5,0.0,0.0,96.81138610839844,0.0,0.0,0.0,0.0,0.0,0.0,0.0,0.0,0.0,3994.99365234375,0.0,0.0,0.0,0.0,0.0,0.0,0.0,0.0,0.0,0.0,3999.989501953125,0.0,0.0,0.0,0.0,0.0,0.0,0.0,0.0,0.0,0.0,562575.0,0.0,0.0,0.0,0.0,0.0,0.0,0.0,0.0,0.0,0.0,563278.5,0.0,0.0,0.0,0.0,0.0,0.0,0.0,0.0,0.0,0.0,6.941009998321533,0.0,0.0,0.0,0.0,0.0,0.0,0.0,0.0,0.0,0.0,0.010463959537446499,0.0,0.0,0.0,0.0,0.0,0.0,0.0,0.0,0.0,0.0,4001.9345703125,0.0,0.0,0.0,0.0,0.0,0.0,0.0,0.0,0.0,0.0,4000.0,0.0,0.0,0.0,0.0,0.0,0.0,0.0,0.0,0.0,0.0,107860.7890625,0.0,0.0,0.0,0.0,0.0,0.0,0.0,0.0,0.0,0.0,192.96546936035156,0.0,0.0,0.0,0.0,0.0,0.0,0.0,0.0,0.0,0.0,15188956.0,0.0,0.0,0.0,0.0,0.0,0.0,0.0,0.0,0.0,0.0,107999.71875,0.0,0.0,0.0,0.0,0.0,0.0,0.0,0.0,0.0,0.0,0.2825269103050232,0.0,0.0,0.0,0.0,0.0,0.0,0.0,0.0,0.0,0.0,15208520.0,0.0,0.0,0.0,0.0,0.0,0.0,0.0,0.0,0.0,0.0,0.0017344136722385883,0.0,0.0,0.0,0.0,0.0,0.0,0.0,0.0,0.0,0.0,2.6159898425248684e-06,0.0,0.0,0.0,0.0,0.0,0.0,0.0,0.0,0.0,0.0,140.82000732421875,0.0,0.0,0.0,0.0,0.0,0.0,0.0,0.0,0.0,0.0,140.8199920654297,0.0,0.0,0.0,0.0,0.0,0.0,0.0,0.0,0.0,0.0,0.0,0.0,0.0,0.0,0.0,0.0,0.0,0.0,0.0,0.0,0.0,0.0,0.0,0.0,0.0,0.0,0.0,0.0,0.0,0.0,0.0,0.0,0.0,0.0,0.0,0.0,0.0,0.0,0.0,0.0,0.0,0.0,0.0,0.0,0.0,0.0,0.0,0.0,0.0,0.0,0.0,0.0,0.0,0.0,0.0,0.0,0.0,0.0,0.0,0.0,0.0,0.0,0.0,0.0,0.0,0.0,0.0,0.0,0.0,0.0,0.0,0.0,0.0,0.0,0.0,0.0,0.0,0.0,0.0,0.0,0.0,0.0,0.0,0.0,0.0,0.0,0.0,0.0,0.0,0.0,0.0,0.0,0.0,0.0,0.0,0.0,0.0,0.0,256.65106201171875,0.0,0.0,0.0,0.0,0.0,0.0,0.0,0.0,0.0,0.0,0.0,0.0,0.0,0.0,0.0,0.0,0.0,0.0,0.0,0.0,0.0,229.10340881347656,0.0,0.0,0.0,0.0,0.0,0.0,0.0,0.0,0.0,0.0,5740.4208984375,0.0,0.0,0.0,0.0,0.0,300.51446533203125,299.6455993652344,298.5256652832031,300.06591796875,307.0356140136719,274.0461120605469,0.0,0.0,0.0,0.0,0.0,300.5066223144531,299.8026123046875,299.066162109375,300.2328796386719,306.8998718261719,276.8362121582031,0.0,0.0,0.0,0.0,0.0,300.5194396972656,299.75286865234375,298.8891906738281,300.2557067871094,306.9447937011719,275.7066650390625,0.0,0.0,0.0,0.0,0.0,0.0,0.0,0.0,0.0,0.0,5.0,0.0,0.0,0.0,0.0,0.0,3.0,3.0,3.0,3.0,3.0,1.0,0.0,0.0,0.0,0.0,0.0,0.0,0.0,0.0,0.0,0.0,0.0,0.0,0.0,0.0,0.0,0.0,0.0,0.0,0.0,0.0,0.0,0.0,0.0,0.0,0.0,0.0,0.0,0.0,0.0,0.0,0.0,0.0,0.0,0.0,0.0,0.0,0.0,0.0,0.0,0.0,0.0,0.0,0.0,0.0,0.0,0.0,0.0,0.0,0.0,0.0,0.0,0.0,0.0,0.0,0.0,0.0,0.0,0.0,0.0,0.0,0.0,0.0,0.0,0.0,0.0,0.0,0.0,0.0,0.0,0.0,0.0,0.0,0.0,0.0,0.0,0.0,0.0,0.0,0.0,0.0,0.0,0.0,0.0,0.0,0.0,0.0,0.0,0.0,0.0,0.0,0.0,0.0,0.0,0.0,0.0,0.0,0.0,0.0,0.0,0.0,0.0,0.0,0.0,0.0,0.0,0.0,0.0,0.0,0.0,0.0,0.0,0.0,0.0,0.0,0.0,0.0,0.0,0.0,0.0,0.0,0.0,0.0,0.0,0.0,0.0,0.0,0.0,0.0,0.0,0.0,0.0,0.0,0.0,0.0,0.0,0.0,0.0,0.0,0.0,0.0,0.0,0.0,0.0,0.0,0.0,0.0,0.0,0.0,0.0,0.0,0.0,0.0,0.0,0.0,0.0,0.0,0.0,0.0,0.0,7.610000133514404,0.21714286506175995
2018-03-01,0.1615331918001175,3996.9052734375,3999.98828125,561679.4375,562930.75,6.59705114364624,0.011731269769370556,4003.50244140625,4000.0,5746.583984375,3996.9052734375,0.0,561679.4375,0.0,561679.4375,49429.60546875,92.77020263671875,6938264.5,1.0,0.0,0.0,0.0,0.0,0.0,0.0,0.0,0.0,315820.5,219741.84375,219999.390625,379.79766845703125,0.6110024452209473,30926574.0,30970580.0,0.0,0.0,0.0,0.0,219741.84375,0.0,481932544.0,41147184.0,6762158592.0,0.001647819997742772,2.9328173241083277e-06,140.52857971191406,140.73309326171875,140.29701232910156,1.1745224583137315e-05,290.5355529785156,299.24072265625,299.8130798339844,298.28021240234375,298.927001953125,292.6771545410156,273.8284912109375,294.29132080078125,299.69366455078125,301.4798583984375,299.9455261230469,299.07183837890625,300.5572204589844,275.7557067871094,316.80712890625,300.1464538574219,300.8057861328125,301.6604309082031,298.8614501953125,300.6333312988281,287.40081787109375,301.6805114746094,326772.15625,6429280.0,3479869.0,226523.546875,1129300.75,7757564.5,60436.1875,156821.890625,1795363.125,1743472.0,233934.203125,810699.25,4068361.5,-0.004877347033470869,31764.166015625,3076437.25,368484.3125,297994.5,1230903.875,7923201.0,-0.17515020072460175,-2.3742524717818014e-05,0.0008099245605990291,2.842995854734909e-06,0.0003085119533352554,0.002364317886531353,0.009555945172905922,0.00259091192856431,1.3827573184244102e-06,0.0006634652381762862,-0.0006410203059203923,-0.00026092209736816585,3.456006379565224e-05,0.012519491836428642,0.0,4.8830418819534316e-08,-3.3093888305302244e-06,-6.233596650417894e-05,0.001110519515350461,7.80698683229275e-05,0.010584878735244274,0.0,326772.15625,6429280.0,3479869.0,158877.421875,1129300.75,7757521.0,60436.1875,156821.890625,1795363.125,1743472.0,173279.671875,810699.25,4068361.5,-0.004909058567136526,31764.166015625,3076437.25,368484.3125,280635.125,1230903.875,7923201.0,-0.17587921023368835,0.0005388930439949036,-0.002331055933609605,-0.0006710628513246775,67646.1328125,0.0,43.346282958984375,0.0007110778824426234,0.0012039766879752278,-0.001689037773758173,-0.0007645584992133081,60654.53125,0.0,-8.174722461262718e-05,3.1711293559055775e-05,7.577532960567623e-05,0.0004077676567249,-0.0006056533311493695,17359.35546875,-6.490417092663847e-08,-0.0003070938109885901,0.0007290117791853845,46067364.0,905371264.0,490461216.0,474489408.0,159028128.0,1092437760.0,8510622.0,22083656.0,252823056.0,245515728.0,430793888.0,114162664.0,572906688.0,-0.6868776679039001,4473030.0,433223968.0,51889972.0,168838896.0,173335904.0,1115745152.0,-26.80076789855957,46067360.0,905371264.0,490461216.0,31073476.0,159028128.0,1092185728.0,8510619.0,22083652.0,252823056.0,245515744.0,33891324.0,114162664.0,572906688.0,-0.8242941498756409,4473029.5,433223968.0,51889972.0,54756940.0,173335904.0,1115745152.0,-29.9027042388916,2.247934341430664,-9.759514808654785,-2.787968397140503,443415936.0,0.0,251999.796875,3.1573739051818848,5.0592942237854,-7.067136287689209,-3.2277023792266846,396902560.0,0.0,-0.3800622224807739,0.13741648197174072,0.3157820403575897,1.7312196493148804,-2.5504939556121826,114081960.0,-0.0002766251564025879,-1.3629565238952637,3.1019372940063477,0.0,0.0,0.0,0.0,0.0,149538.859375,0.0,0.0,0.0,0.0,0.0,0.0,150965.671875,0.0,0.0,0.0,0.0,0.0,0.0,261174.890625,0.0,0.0,0.0,0.0,0.0,0.0,9998116.0,0.0,0.0,0.0,0.0,0.0,0.0,8029223.0,0.0,0.0,0.0,0.0,0.0,0.0,12899236.0,0.0,0.0,1.0,0.0,0.0,0.0,0.0,0.0,0.0,0.0,0.0,3996.9052734375,0.0,0.0,3999.98828125,0.0,0.0,561679.4375,0.0,0.0,562930.75,0.0,0.0,6.59705114364624,0.0,0.0,0.011731269769370556,0.0,0.0,5746.583984375,0.0,0.0,4003.50244140625,0.0,0.0,3996.9052734375,0.0,0.0,0.0,0.0,0.0,0.0,0.0,0.0,561679.4375,0.0,0.0,0.001647819997742772,0.0,0.0,2.9328173241083277e-06,0.0,0.0,140.52857971191406,0.0,0.0,140.73309326171875,0.0,0.0,1.1745224583137315e-05,0.0,0.0,140.29701232910156,0.0,0.0,219741.84375,0.0,0.0,219999.390625,0.0,0.0,30926574.0,0.0,0.0,30970580.0,0.0,0.0,379.79766845703125,0.0,0.0,0.6110024452209473,0.0,0.0,315820.5,0.0,0.0,220121.640625,0.0,0.0,219741.84375,0.0,0.0,0.0,0.0,0.0,0.0,0.0,0.0,30926574.0,0.0,0.0,0.0,0.0,0.0,0.0,0.0,0.0,0.0,0.0,0.0,0.0,0.0,0.0,0.0,0.0,0.0,0.0,0.0,0.0,0.0,49429.60546875,0.0,0.0,6938264.5,0.0,0.0,92.77020263671875,0.0,0.0,0.0,0.0,0.0,0.0,0.0,0.0,0.0,3996.9052734375,0.0,0.0,0.0,0.0,0.0,0.0,0.0,0.0,0.0,0.0,3999.98828125,0.0,0.0,0.0,0.0,0.0,0.0,0.0,0.0,0.0,0.0,561679.4375,0.0,0.0,0.0,0.0,0.0,0.0,0.0,0.0,0.0,0.0,562930.75,0.0,0.0,0.0,0.0,0.0,0.0,0.0,0.0,0.0,0.0,6.59705114364624,0.0,0.0,0.0,0.0,0.0,0.0,0.0,0.0,0.0,0.0,0.011731269769370556,0.0,0.0,0.0,0.0,0.0,0.0,0.0,0.0,0.0,0.0,4003.50244140625,0.0,0.0,0.0,0.0,0.0,0.0,0.0,0.0,0.0,0.0,4000.0,0.0,0.0,0.0,0.0,0.0,0.0,0.0,0.0,0.0,0.0,219741.84375,0.0,0.0,0.0,0.0,0.0,0.0,0.0,0.0,0.0,0.0,379.79766845703125,0.0,0.0,0.0,0.0,0.0,0.0,0.0,0.0,0.0,0.0,30926574.0,0.0,0.0,0.0,0.0,0.0,0.0,0.0,0.0,0.0,0.0,219999.390625,0.0,0.0,0.0,0.0,0.0,0.0,0.0,0.0,0.0,0.0,0.6110024452209473,0.0,0.0,0.0,0.0,0.0,0.0,0.0,0.0,0.0,0.0,30970580.0,0.0,0.0,0.0,0.0,0.0,0.0,0.0,0.0,0.0,0.0,0.001647819997742772,0.0,0.0,0.0,0.0,0.0,0.0,0.0,0.0,0.0,0.0,2.932817551482003e-06,0.0,0.0,0.0,0.0,0.0,0.0,0.0,0.0,0.0,0.0,140.52857971191406,0.0,0.0,0.0,0.0,0.0,0.0,0.0,0.0,0.0,0.0,140.73309326171875,0.0,0.0,0.0,0.0,0.0,0.0,0.0,0.0,0.0,0.0,0.0,0.0,0.0,0.0,0.0,0.0,0.0,0.0,0.0,0.0,0.0,0.0,0.0,0.0,0.0,0.0,0.0,0.0,0.0,0.0,0.0,0.0,0.0,0.0,0.0,0.0,0.0,0.0,0.0,0.0,0.0,0.0,0.0,0.0,0.0,0.0,0.0,0.0,0.0,0.0,0.0,0.0,0.0,0.0,0.0,0.0,0.0,0.0,0.0,0.0,0.0,0.0,0.0,0.0,0.0,0.0,0.0,0.0,0.0,0.0,0.0,0.0,0.0,0.0,0.0,0.0,0.0,0.0,0.0,0.0,0.0,0.0,0.0,0.0,0.0,0.0,0.0,0.0,0.0,0.0,0.0,0.0,0.0,0.0,0.0,0.0,0.0,0.0,245.98687744140625,0.0,0.0,0.0,0.0,0.0,0.0,0.0,0.0,0.0,0.0,0.0,0.0,0.0,0.0,0.0,0.0,0.0,0.0,0.0,0.0,0.0,230.6565704345703,0.0,0.0,0.0,0.0,0.0,0.0,0.0,0.0,0.0,0.0,5746.583984375,0.0,0.0,0.0,0.0,0.0,299.1579895019531,298.4258728027344,295.8890686035156,295.15020751953125,306.4274597167969,263.2195129394531,0.0,0.0,0.0,0.0,0.0,299.1502380371094,298.5870666503906,296.6518859863281,295.51239013671875,306.2916564941406,265.9595947265625,0.0,0.0,0.0,0.0,0.0,299.1634521484375,298.5350341796875,296.4040832519531,295.50250244140625,306.33660888671875,264.8587951660156,0.0,0.0,0.0,0.0,0.0,0.0,0.0,0.0,0.0,0.0,5.0,0.0,0.0,0.0,0.0,0.0,3.0,3.0,3.0,3.0,3.0,1.0,0.0,0.0,0.0,0.0,0.0,0.0,0.0,0.0,0.0,0.0,0.0,0.0,0.0,0.0,0.0,0.0,0.0,0.0,0.0,0.0,0.0,0.0,0.0,0.0,0.0,0.0,0.0,0.0,0.0,0.0,0.0,0.0,0.0,0.0,0.0,0.0,0.0,0.0,0.0,0.0,0.0,0.0,0.0,0.0,0.0,0.0,0.0,0.0,0.0,0.0,0.0,0.0,0.0,0.0,0.0,0.0,0.0,0.0,0.0,0.0,0.0,0.0,0.0,0.0,0.0,0.0,0.0,0.0,0.0,0.0,0.0,0.0,0.0,0.0,0.0,0.0,0.0,0.0,0.0,0.0,0.0,0.0,0.0,0.0,0.0,0.0,0.0,0.0,0.0,0.0,0.0,0.0,0.0,0.0,0.0,0.0,0.0,0.0,0.0,0.0,0.0,0.0,0.0,0.0,0.0,0.0,0.0,0.0,0.0,0.0,0.0,0.0,0.0,0.0,0.0,0.0,0.0,0.0,0.0,0.0,0.0,0.0,0.0,0.0,0.0,0.0,0.0,0.0,0.0,0.0,0.0,0.0,0.0,0.0,0.0,0.0,0.0,0.0,0.0,0.0,0.0,0.0,0.0,0.0,0.0,0.0,0.0,0.0,0.0,0.0,0.0,0.0,0.0,0.0,0.0,0.0,0.0,0.0,0.0,11.460000991821289,0.10866667330265045
2018-04-01,0.24640657007694244,7947.28662109375,7998.84912109375,1114210.75,1102887.0,20.612178802490234,1.1509116888046265,7967.89892578125,8000.0,11449.841796875,7947.28662109375,0.0,1114210.75,0.0,1114210.75,64393.08984375,148.9036865234375,8981660.0,2.0,0.0,0.0,0.0,0.0,0.0,0.0,0.0,0.0,619807.4375,430961.21875,431974.90625,796.4732666015625,25.087387084960938,60562024.0,60478480.0,0.0,0.0,0.0,0.0,430961.21875,0.0,481932128.0,40935936.0,6732527616.0,0.0025869025848805904,0.0001438639737898484,140.20013427734375,137.88070678710938,139.83746337890625,1.849935324571561e-05,284.37103271484375,295.1805725097656,293.2447509765625,279.92095947265625,296.45281982421875,287.9494934082031,268.14276123046875,290.24407958984375,296.5290222167969,296.16796875,291.12103271484375,297.2064208984375,300.35772705078125,267.830810546875,313.6771545410156,296.7118835449219,298.88995361328125,299.5705261230469,293.3720703125,297.1463317871094,282.8996887207031,299.2196350097656,327544.53125,6407264.0,3422190.5,225739.203125,1127472.375,7721050.0,60312.421875,156842.109375,1789574.0,1740237.75,233904.53125,810656.0,4041355.75,-0.004355290438979864,31695.53515625,3076223.5,368644.21875,296572.375,1229112.5,7869544.5,-0.1273953765630722,-0.002387469634413719,0.004231452476233244,0.01657775789499283,0.0037700263783335686,0.003979520872235298,0.01421795692294836,0.004633487667888403,-0.000127515901112929,0.0038858139887452126,0.0012151894625276327,-0.00013407468213699758,8.793252345640212e-05,0.019074376672506332,0.0,0.002160658361390233,6.615048187086359e-05,-0.0004962877719663084,0.005877548363059759,0.0015332753537222743,0.01728527806699276,0.0,327393.09375,6407264.0,3421888.0,160205.84375,1127472.375,7719223.0,60312.421875,156842.109375,1789574.0,1740237.75,174577.671875,810656.0,4041355.75,-0.0043806592002511024,31695.537109375,3076223.5,368644.21875,280372.09375,1229112.5,7869544.5,-0.12774422764778137,151.44998168945312,-0.0015427101170644164,302.49810791015625,65533.34765625,0.0,1826.85400390625,0.00011109228216810152,0.002955410163849592,-0.0014060244429856539,-0.00047703180462121964,59326.86328125,0.0,-7.546452252427116e-05,2.5368504793732427e-05,-0.00017308376845903695,0.0004916532780043781,-0.0004081662045791745,16200.2529296875,-2.2814528222170338e-07,-0.00045881676487624645,0.0003488493384793401,47836280.0,902270976.0,484253728.0,472783648.0,158770656.0,1087412864.0,8493194.0,22291298.0,252007824.0,245060432.0,430413888.0,114156576.0,569103744.0,-0.6133615374565125,4463366.0,433193856.0,51912484.0,166829888.0,173083632.0,1108189312.0,-20.06590461730957,47160744.0,902270976.0,482790944.0,30973880.0,158770656.0,1076491776.0,8493193.0,22291284.0,252007840.0,245060432.0,33862748.0,114156576.0,569103744.0,-0.7257113456726074,4463366.5,433193856.0,51912484.0,53439464.0,173083632.0,1108189312.0,-21.5791072845459,675533.75,-6.625728130340576,1462802.75,441809760.0,2.9802322387695312e-08,10921108.0,0.5213639736175537,12.726740837097168,-6.118916988372803,-2.123887538909912,396551136.0,-1.4901161193847656e-08,-0.3703582286834717,0.11234975606203079,-0.7486457824707031,2.11801815032959,-1.7451092004776,113390424.0,-0.0009864270687103271,-2.07938551902771,1.5132033824920654,0.0,0.0,558109.375,0.0,0.0,146315.46875,0.0,0.0,0.0,0.0,0.0,0.0,142548.09375,0.0,0.0,0.0,0.0,0.0,0.0,267237.8125,0.0,0.0,0.0,12332865.0,0.0,0.0,14552478.0,0.0,0.0,0.0,0.0,0.0,0.0,12551202.0,0.0,0.0,0.0,0.0,0.0,0.0,21125478.0,0.0,0.0,2.0,0.0,0.0,0.0,0.0,0.0,0.0,0.0,0.0,7947.28662109375,0.0,0.0,7998.84912109375,0.0,0.0,1114210.75,0.0,0.0,1102887.0,0.0,0.0,20.612178802490234,0.0,0.0,1.1509116888046265,0.0,0.0,11449.841796875,0.0,0.0,7967.89892578125,0.0,0.0,7947.28662109375,0.0,0.0,0.0,0.0,0.0,0.0,0.0,0.0,1114210.75,0.0,0.0,0.0025869025848805904,0.0,0.0,0.0001438639737898484,0.0,0.0,140.20013427734375,0.0,0.0,137.88070678710938,0.0,0.0,1.849935324571561e-05,0.0,0.0,139.83746337890625,0.0,0.0,430961.21875,0.0,0.0,431974.90625,0.0,0.0,60562024.0,0.0,0.0,60478480.0,0.0,0.0,796.4732666015625,0.0,0.0,25.087387084960938,0.0,0.0,619807.4375,0.0,0.0,431757.6875,0.0,0.0,430961.21875,0.0,0.0,0.0,0.0,0.0,0.0,0.0,0.0,60562024.0,0.0,0.0,0.0,0.0,0.0,0.0,0.0,0.0,0.0,0.0,0.0,0.0,0.0,0.0,0.0,0.0,0.0,0.0,0.0,0.0,0.0,64393.08984375,0.0,0.0,8981660.0,0.0,0.0,148.9036865234375,0.0,0.0,0.0,0.0,0.0,0.0,0.0,0.0,0.0,3984.0048828125,3963.28173828125,0.0,0.0,0.0,0.0,0.0,0.0,0.0,0.0,0.0,3999.988037109375,3998.861083984375,0.0,0.0,0.0,0.0,0.0,0.0,0.0,0.0,0.0,556101.375,558109.375,0.0,0.0,0.0,0.0,0.0,0.0,0.0,0.0,0.0,552904.5,549982.5,0.0,0.0,0.0,0.0,0.0,0.0,0.0,0.0,0.0,6.936924934387207,13.675253868103027,0.0,0.0,0.0,0.0,0.0,0.0,0.0,0.0,0.0,0.011982019990682602,1.1389297246932983,0.0,0.0,0.0,0.0,0.0,0.0,0.0,0.0,0.0,3990.94189453125,3976.95703125,0.0,0.0,0.0,0.0,0.0,0.0,0.0,0.0,0.0,4000.0,4000.0,0.0,0.0,0.0,0.0,0.0,0.0,0.0,0.0,0.0,343382.28125,87578.9296875,0.0,0.0,0.0,0.0,0.0,0.0,0.0,0.0,0.0,590.4838256835938,205.98941040039062,0.0,0.0,0.0,0.0,0.0,0.0,0.0,0.0,0.0,48229160.0,12332865.0,0.0,0.0,0.0,0.0,0.0,0.0,0.0,0.0,0.0,343999.03125,87975.890625,0.0,0.0,0.0,0.0,0.0,0.0,0.0,0.0,0.0,0.9805575609207153,24.106830596923828,0.0,0.0,0.0,0.0,0.0,0.0,0.0,0.0,0.0,48220980.0,12257498.0,0.0,0.0,0.0,0.0,0.0,0.0,0.0,0.0,0.0,0.001738167367875576,0.003438622457906604,0.0,0.0,0.0,0.0,0.0,0.0,0.0,0.0,0.0,2.995504928549053e-06,0.00028473243582993746,0.0,0.0,0.0,0.0,0.0,0.0,0.0,0.0,0.0,139.58351135253906,140.82000732421875,0.0,0.0,0.0,0.0,0.0,0.0,0.0,0.0,0.0,138.22653198242188,137.5347900390625,0.0,0.0,0.0,0.0,0.0,0.0,0.0,0.0,0.0,0.0,0.0,0.0,0.0,0.0,0.0,0.0,0.0,0.0,0.0,0.0,0.0,0.0,0.0,0.0,0.0,0.0,0.0,0.0,0.0,0.0,0.0,0.0,0.0,0.0,0.0,0.0,0.0,0.0,0.0,0.0,0.0,0.0,0.0,0.0,0.0,0.0,0.0,0.0,0.0,0.0,0.0,0.0,0.0,0.0,0.0,0.0,0.0,0.0,0.0,0.0,0.0,0.0,0.0,0.0,0.0,0.0,0.0,0.0,0.0,0.0,0.0,0.0,0.0,0.0,0.0,0.0,0.0,0.0,0.0,0.0,0.0,0.0,0.0,0.0,0.0,0.0,0.0,0.0,0.0,0.0,0.0,0.0,0.0,0.0,0.0,0.0,0.0,239.84996032714844,212.95538330078125,0.0,0.0,0.0,0.0,0.0,0.0,0.0,0.0,0.0,0.0,0.0,0.0,0.0,0.0,0.0,0.0,0.0,0.0,0.0,0.0,225.6483612060547,82.16044616699219,0.0,0.0,0.0,0.0,0.0,0.0,0.0,0.0,0.0,5729.1513671875,5720.68994140625,0.0,0.0,0.0,0.0,272.7477722167969,295.10906982421875,292.90814208984375,288.5994873046875,303.14776611328125,257.2523498535156,261.26422119140625,0.0,0.0,0.0,0.0,277.3680114746094,295.283935546875,293.80865478515625,288.5611267089844,303.0388488769531,259.9876403808594,268.95819091796875,0.0,0.0,0.0,0.0,275.4147644042969,295.2217712402344,293.51531982421875,288.8192443847656,303.07244873046875,258.888671875,265.6910705566406,0.0,0.0,0.0,0.0,0.0,0.0,0.0,0.0,0.0,5.0,5.0,0.0,0.0,0.0,0.0,3.0,3.0,3.0,3.0,3.0,1.0,1.0,0.0,0.0,0.0,0.0,0.0,0.0,0.0,0.0,0.0,0.0,0.0,0.0,0.0,0.0,0.0,0.0,0.0,0.0,0.0,0.0,0.0,0.0,0.0,0.0,0.0,0.0,0.0,0.0,0.0,0.0,0.0,0.0,0.0,0.0,0.0,0.0,0.0,0.0,0.0,0.0,0.0,0.0,0.0,0.0,0.0,0.0,0.0,0.0,0.0,0.0,0.0,0.0,0.0,0.0,0.0,0.0,0.0,0.0,0.0,0.0,0.0,0.0,0.0,0.0,0.0,0.0,0.0,0.0,0.0,0.0,0.0,0.0,0.0,0.0,0.0,0.0,0.0,0.0,0.0,0.0,0.0,0.0,0.0,0.0,0.0,0.0,0.0,0.0,0.0,0.0,0.0,0.0,0.0,0.0,0.0,0.0,0.0,0.0,0.0,0.0,0.0,0.0,0.0,0.0,0.0,0.0,0.0,0.0,0.0,0.0,0.0,0.0,0.0,0.0,0.0,0.0,0.0,0.0,0.0,0.0,0.0,0.0,0.0,0.0,0.0,0.0,0.0,0.0,0.0,0.0,0.0,0.0,0.0,0.0,0.0,0.0,0.0,0.0,0.0,0.0,0.0,0.0,0.0,0.0,0.0,0.0,0.0,0.0,0.0,0.0,0.0,0.0,0.0,0.0,0.0,0.0,0.0,0.0,19.270000457763672,0.39000001549720764
2018-05-01,0.3285420835018158,7976.9404296875,7998.8017578125,1097074.75,1101836.75,36.305870056152344,1.1983102560043335,8013.24609375,8000.0,11460.041015625,7976.423828125,0.5166742205619812,1097074.75,3162.23388671875,1093912.5,57048.9765625,180.04696655273438,7832157.0,2.0,0.0,0.0,0.0,0.0,0.0,0.0,0.0,0.0,962644.25,669420.375,671939.8125,1684.78759765625,60.175662994384766,93588904.0,93273344.0,0.0,0.0,0.0,0.0,669419.375,1.0333484411239624,481931232.0,40697476.0,6699500544.0,0.004530732054263353,0.00014978878607507795,137.53077697753906,137.75022888183594,136.90765380859375,3.309334351797588e-05,279.63885498046875,290.4068908691406,288.603271484375,272.2227783203125,292.0700378417969,283.6717529296875,263.4474792480469,286.1471862792969,292.69390869140625,290.95599365234375,284.578857421875,293.5782165527344,300.0190734863281,262.1685485839844,309.9646301269531,292.4257507324219,295.91058349609375,296.06927490234375,286.938720703125,292.7370910644531,278.773193359375,296.16943359375,329637.28125,6380539.5,3348172.25,223747.734375,1125792.0,7685151.5,60187.078125,156979.3125,1779827.75,1734598.25,233658.234375,810590.9375,4017142.0,-0.0042505450546741486,31273.1484375,3075485.5,369022.09375,294760.6875,1225000.0,7815911.5,-0.1280071884393692,-0.008791903965175152,0.008384797722101212,0.03784811124205589,0.012558707036077976,0.005464035551995039,0.018801262602210045,0.006702052894979715,-0.001002482371404767,0.00931079313158989,0.00445189606398344,0.0009190709097310901,0.00016811993555165827,0.024951599538326263,0.0,0.015458287671208382,0.00030606851214542985,-0.00152187654748559,0.011950341984629631,0.004874137695878744,0.02398272044956684,0.0,328840.125,6380539.5,3347201.0,161835.984375,1125792.0,7681488.5,60187.078125,156839.078125,1779827.75,1734598.25,176914.25,810590.9375,4017016.75,-0.00427210982888937,31273.1484375,3075485.5,369022.09375,279933.375,1225000.0,7815911.5,-0.12826524674892426,797.1676635742188,-0.00035163393476977944,971.19970703125,61911.75,0.0,3662.7900390625,6.585216033272445e-05,140.23365783691406,-0.0003726219874806702,-0.0003306907310616225,56743.98046875,0.0,125.13311767578125,2.1564739654422738e-05,6.568651588167995e-05,0.001035379827953875,0.0004795390123035759,14827.3037109375,-6.330301971502195e-07,-0.000312027579639107,0.0002580576401669532,51620552.0,898507584.0,477409856.0,469154368.0,158534016.0,1082563328.0,8475544.0,23188076.0,250635360.0,244266464.0,429136704.0,114147416.0,565728512.0,-0.5986112952232361,4403885.5,433089920.0,51965696.0,163532192.0,172504496.0,1100636672.0,-20.175003051757812,47951008.0,898507584.0,472341600.0,30708116.0,158534016.0,1059978816.0,8475543.0,22552428.0,250635360.0,244266464.0,33778732.0,114147416.0,564998080.0,-0.6966082453727722,4403885.0,433089920.0,51965692.0,51914648.0,172504496.0,1100636672.0,-21.3195743560791,3669546.0,-1.1811037063598633,5068257.0,438446272.0,0.0,22584490.0,0.33454737067222595,635649.3125,-1.679508924484253,-1.5421006679534912,395357984.0,0.0,730396.5625,0.09799691289663315,0.29222914576530457,4.540194988250732,2.11930775642395,111617544.0,-0.002804011106491089,-1.4408552646636963,1.14457106590271,0.0,0.0,545677.8125,0.0,0.0,144785.4375,0.0,0.0,0.0,0.0,0.0,0.0,133747.484375,0.0,0.0,0.0,0.0,0.0,0.0,272864.0625,0.0,0.0,0.0,28763242.0,0.0,0.0,18922712.0,0.0,0.0,0.0,0.0,0.0,0.0,16654617.0,0.0,0.0,0.0,0.0,0.0,0.0,29248336.0,0.0,0.0,2.0,0.0,0.0,0.0,0.0,0.0,0.0,0.0,0.0,7976.9404296875,0.0,0.0,7998.8017578125,0.0,0.0,1097074.75,0.0,0.0,1101836.75,0.0,0.0,36.305870056152344,0.0,0.0,1.1983102560043335,0.0,0.0,11460.041015625,0.0,0.0,8013.24609375,0.0,0.0,7976.423828125,0.0,0.0,0.5166742205619812,0.0,0.0,3162.23388671875,0.0,0.0,1093912.5,0.0,0.0,0.004530732054263353,0.0,0.0,0.00014978878607507795,0.0,0.0,137.53077697753906,0.0,0.0,137.75022888183594,0.0,0.0,3.309334351797588e-05,0.0,0.0,136.90765380859375,0.0,0.0,669420.375,0.0,0.0,671939.8125,0.0,0.0,93588904.0,0.0,0.0,93273344.0,0.0,0.0,1684.78759765625,0.0,0.0,60.175662994384766,0.0,0.0,962644.25,0.0,0.0,671105.1875,0.0,0.0,669419.375,0.0,0.0,1.0333484411239624,0.0,0.0,6324.3505859375,0.0,0.0,93582584.0,0.0,0.0,0.0,0.0,0.0,0.0,0.0,0.0,0.0,0.0,0.0,0.0,0.0,0.0,0.0,0.0,0.0,0.0,0.0,0.0,0.0,57048.9765625,0.0,0.0,7832157.0,0.0,0.0,180.04696655273438,0.0,0.0,0.0,0.0,0.0,0.0,0.0,0.0,0.0,3988.154296875,3988.7861328125,0.0,0.0,0.0,0.0,0.0,0.0,0.0,0.0,0.0,3999.98779296875,3998.81396484375,0.0,0.0,0.0,0.0,0.0,0.0,0.0,0.0,0.0,551396.9375,545677.8125,0.0,0.0,0.0,0.0,0.0,0.0,0.0,0.0,0.0,549805.6875,552031.0625,0.0,0.0,0.0,0.0,0.0,0.0,0.0,0.0,0.0,7.323227882385254,28.982641220092773,0.0,0.0,0.0,0.0,0.0,0.0,0.0,0.0,0.0,0.012258579954504967,1.1860517263412476,0.0,0.0,0.0,0.0,0.0,0.0,0.0,0.0,0.0,3995.4775390625,4017.768798828125,0.0,0.0,0.0,0.0,0.0,0.0,0.0,0.0,0.0,4000.0,4000.0,0.0,0.0,0.0,0.0,0.0,0.0,0.0,0.0,0.0,462944.5625,206475.828125,0.0,0.0,0.0,0.0,0.0,0.0,0.0,0.0,0.0,805.6101684570312,879.1774291992188,0.0,0.0,0.0,0.0,0.0,0.0,0.0,0.0,0.0,64825664.0,28763242.0,0.0,0.0,0.0,0.0,0.0,0.0,0.0,0.0,0.0,463998.65625,207941.171875,0.0,0.0,0.0,0.0,0.0,0.0,0.0,0.0,0.0,1.345308542251587,58.830352783203125,0.0,0.0,0.0,0.0,0.0,0.0,0.0,0.0,0.0,64738716.0,28534630.0,0.0,0.0,0.0,0.0,0.0,0.0,0.0,0.0,0.0,0.0018328792648389935,0.007213616278022528,0.0,0.0,0.0,0.0,0.0,0.0,0.0,0.0,0.0,3.0646449431515066e-06,0.00029651293880306184,0.0,0.0,0.0,0.0,0.0,0.0,0.0,0.0,0.0,138.25868225097656,136.802978515625,0.0,0.0,0.0,0.0,0.0,0.0,0.0,0.0,0.0,137.45184326171875,138.04869079589844,0.0,0.0,0.0,0.0,0.0,0.0,0.0,0.0,0.0,0.0,0.0,0.0,0.0,0.0,0.0,0.0,0.0,0.0,0.0,0.0,0.0,0.0,0.0,0.0,0.0,0.0,0.0,0.0,0.0,0.0,0.0,0.0,0.0,0.0,0.0,0.0,0.0,0.0,0.0,0.0,0.0,0.0,0.0,0.0,0.0,0.0,0.0,0.0,0.0,0.0,0.0,0.0,0.0,0.0,0.0,0.0,0.0,0.0,0.0,0.0,0.0,0.0,0.0,0.0,0.0,0.0,0.0,0.0,0.0,0.0,0.0,0.0,0.0,0.0,0.0,0.0,0.0,0.0,0.0,0.0,0.0,0.0,0.0,0.0,0.0,0.0,0.0,0.0,0.0,0.0,0.0,0.0,0.0,0.0,0.0,0.0,0.0,234.54342651367188,187.6672821044922,0.0,0.0,0.0,0.0,0.0,0.0,0.0,0.0,0.0,0.0,0.0,0.0,0.0,0.0,0.0,0.0,0.0,0.0,0.0,0.0,218.44122314453125,62.08790588378906,0.0,0.0,0.0,0.0,0.0,0.0,0.0,0.0,0.0,5726.7890625,5733.25146484375,0.0,0.0,0.0,0.0,264.6047668457031,291.20458984375,289.6067199707031,282.4982604980469,299.2333679199219,252.4342803955078,251.98313903808594,0.0,0.0,0.0,0.0,269.8247375488281,291.3861999511719,290.5589599609375,282.39666748046875,299.131591796875,255.19773864746094,260.6738586425781,0.0,0.0,0.0,0.0,267.611328125,291.31939697265625,290.24884033203125,282.702392578125,299.16143798828125,254.08773803710938,256.9787292480469,0.0,0.0,0.0,0.0,0.0,0.0,0.0,0.0,0.0,5.0,5.0,0.0,0.0,0.0,0.0,3.0,3.0,3.0,3.0,3.0,1.0,1.0,0.0,0.0,0.0,0.0,0.0,0.0,0.0,0.0,0.0,0.0,0.0,0.0,0.0,0.0,0.0,0.0,0.0,0.0,0.0,0.0,0.0,0.0,0.0,0.0,0.0,0.0,0.0,0.0,0.0,0.0,0.0,0.0,0.0,0.0,0.0,0.0,0.0,0.0,0.0,0.0,0.0,0.0,0.0,0.0,0.0,0.0,0.0,0.0,0.0,0.0,0.0,0.0,0.0,0.0,0.0,0.0,0.0,0.0,0.0,0.0,0.0,0.0,0.0,0.0,0.0,0.0,0.0,0.0,0.0,0.0,0.0,0.0,0.0,0.0,0.0,0.0,0.0,0.0,0.0,0.0,0.0,0.0,0.0,0.0,0.0,0.0,0.0,0.0,0.0,0.0,0.0,0.0,0.0,0.0,0.0,0.0,0.0,0.0,0.0,0.0,0.0,0.0,0.0,0.0,0.0,0.0,0.0,0.0,0.0,0.0,0.0,0.0,0.0,0.0,0.0,0.0,0.0,0.0,0.0,0.0,0.0,0.0,0.0,0.0,0.0,0.0,0.0,0.0,0.0,0.0,0.0,0.0,0.0,0.0,0.0,0.0,0.0,0.0,0.0,0.0,0.0,0.0,0.0,0.0,0.0,0.0,0.0,0.0,0.0,0.0,0.0,0.0,0.0,0.0,0.0,0.0,0.0,0.0,25.040000915527344,0.24000000953674316
2018-06-01,0.41341546177864075,7284.29833984375,7252.828125,1017700.5625,1021805.0,137.03990173339844,133.63011169433594,7421.33837890625,7386.4580078125,10619.955078125,7282.62841796875,1.670029640197754,1017700.5625,10026.0517578125,1007674.5,52649.2421875,429.51226806640625,7267547.0,2.0,1.0,8282.154296875,8000.0,8000.0,0.0,0.0,0.0,0.0,1298018.625,901143.9375,901993.8125,4136.91015625,3281.169189453125,125786928.0,125589232.0,192000.0,192000.0,0.0,0.0,901091.5625,52.36703109741211,482120768.0,40465752.0,6667302400.0,0.018465658649802208,0.01809123158454895,139.7115478515625,140.8836669921875,137.13168334960938,0.00013465639494825155,279.835205078125,286.9931945800781,285.9024658203125,275.73822021484375,288.7809143066406,280.01611328125,268.407470703125,286.4140625,289.65234375,288.0361328125,283.3838806152344,290.7645568847656,299.5641784667969,268.506591796875,308.3511047363281,289.4012451171875,292.6162109375,292.92633056640625,284.6896057128906,289.35345458984375,277.2117004394531,293.0358581542969,331540.4375,6358022.0,3280016.75,221939.5625,1124313.625,7649876.5,60061.23046875,157242.453125,1770769.375,1728362.5,233293.546875,810503.75,3991301.75,-0.004178767558187246,30779.880859375,3074507.5,369519.90625,293889.46875,1220644.625,7759167.0,-0.1257735639810562,-0.01461618673056364,0.011884259060025215,0.057433705776929855,0.020538514479994774,0.006769969593733549,0.02330496720969677,0.008778993040323257,-0.0026803906075656414,0.0143528888002038,0.008030817843973637,0.0024783506523817778,0.000275688071269542,0.031223561614751816,0.0,0.03098730742931366,0.0006240069633349776,-0.0028729126788675785,0.014870692044496536,0.008412150666117668,0.031068770214915276,0.0,330055.46875,6358022.5,3278634.25,162835.546875,1124313.625,7644959.0,60061.23046875,156921.03125,1770769.375,1728362.5,178491.890625,810503.75,3991290.75,-0.0041990140452980995,30779.880859375,3074507.5,369519.90625,279644.90625,1220644.625,7759167.0,-0.1259440779685974,1484.990966796875,-0.0003203449596185237,1382.3955078125,59104.01171875,0.0,4917.66015625,1.9999939468107186e-05,321.4217224121094,-0.0004228538600727916,-0.000342466781148687,54801.65625,0.0,11.078178405761719,2.024616151174996e-05,6.178813055157661e-05,0.0007022569770924747,0.0009334133937954903,14244.5546875,-1.2261091342224972e-06,-0.0002825577394105494,0.00017052511975634843,55439212.0,895336704.0,470142176.0,465545664.0,158325856.0,1077846912.0,8457823.0,24287994.0,249359760.0,243388448.0,427604064.0,114135136.0,562133760.0,-0.5885027647018433,4334423.5,432952160.0,52035792.0,161439600.0,171891184.0,1092645888.0,-19.879398345947266,48425640.0,895336704.0,463198048.0,30605078.0,158325856.0,1046880256.0,8457823.0,22799896.0,249359760.0,243388448.0,33699564.0,114135136.0,562069952.0,-0.6812673807144165,4334423.0,432952160.0,52035788.0,51344144.0,171891184.0,1092645888.0,-20.654760360717773,7013574.0,-1.251855492591858,6944128.0,434940608.0,0.0,30966632.0,0.13075341284275055,1488097.125,-1.962628960609436,-1.595861792564392,393904512.0,-1.4901161193847656e-08,63809.64453125,0.09276466071605682,0.27996915578842163,3.146620988845825,4.215445518493652,110095464.0,-0.0055544376373291016,-1.291931390762329,0.7753608226776123,0.0,0.0,464586.5625,0.0,0.0,110726.296875,0.0,0.0,0.0,0.0,0.0,0.0,165652.640625,0.0,0.0,0.0,0.0,0.0,0.0,276735.0625,0.0,0.0,0.0,43866120.0,0.0,0.0,22868088.0,0.0,0.0,0.0,0.0,0.0,0.0,21231274.0,0.0,0.0,0.0,0.0,0.0,0.0,37821452.0,0.0,0.0,2.0,0.0,0.0,0.0,1.0,0.0,0.0,0.0,0.0,7284.29833984375,0.0,0.0,7252.828125,0.0,0.0,1017700.5625,0.0,0.0,1021805.0,0.0,0.0,137.03990173339844,0.0,0.0,133.63011169433594,0.0,0.0,10619.955078125,0.0,0.0,7421.33837890625,0.0,0.0,7282.62841796875,0.0,0.0,1.670029640197754,0.0,0.0,10026.0517578125,0.0,0.0,1007674.5,0.0,0.0,0.018465658649802208,0.0,0.0,0.01809123158454895,0.0,0.0,139.7115478515625,0.0,0.0,140.8836669921875,0.0,0.0,0.00013465639494825155,0.0,0.0,137.13168334960938,0.0,0.0,901143.9375,0.0,0.0,901993.8125,0.0,0.0,125786928.0,0.0,0.0,125589232.0,0.0,0.0,4136.91015625,0.0,0.0,3281.169189453125,0.0,0.0,1298018.625,0.0,0.0,905280.8125,0.0,0.0,901091.5625,0.0,0.0,52.36703109741211,0.0,0.0,318656.71875,0.0,0.0,125468272.0,0.0,0.0,0.0,8000.0,0.0,0.0,8282.154296875,0.0,0.0,8000.0,0.0,0.0,0.0,0.0,0.0,0.0,0.0,0.0,0.0,0.0,0.0,52649.2421875,0.0,0.0,7267547.0,0.0,0.0,429.51226806640625,0.0,0.0,0.0,0.0,0.0,0.0,0.0,0.0,0.0,3978.65380859375,3305.64453125,0.0,0.0,0.0,0.0,0.0,0.0,0.0,0.0,0.0,3999.98779296875,3252.840087890625,0.0,0.0,0.0,0.0,0.0,0.0,0.0,0.0,0.0,553114.0,464586.5625,0.0,0.0,0.0,0.0,0.0,0.0,0.0,0.0,0.0,548021.3125,473783.71875,0.0,0.0,0.0,0.0,0.0,0.0,0.0,0.0,0.0,6.837448596954346,130.20245361328125,0.0,0.0,0.0,0.0,0.0,0.0,0.0,0.0,0.0,0.012164889834821224,133.61795043945312,0.0,0.0,0.0,0.0,0.0,0.0,0.0,0.0,0.0,3985.491455078125,3435.846923828125,0.0,0.0,0.0,0.0,0.0,0.0,0.0,0.0,0.0,4000.0,3386.4580078125,0.0,0.0,0.0,0.0,0.0,0.0,0.0,0.0,0.0,586436.375,314707.53125,0.0,0.0,0.0,0.0,0.0,0.0,0.0,0.0,0.0,1026.9014892578125,3110.0087890625,0.0,0.0,0.0,0.0,0.0,0.0,0.0,0.0,0.0,81920808.0,43866120.0,0.0,0.0,0.0,0.0,0.0,0.0,0.0,0.0,0.0,587998.25,313995.53125,0.0,0.0,0.0,0.0,0.0,0.0,0.0,0.0,0.0,1.7232874631881714,3279.446044921875,0.0,0.0,0.0,0.0,0.0,0.0,0.0,0.0,0.0,81733248.0,43855980.0,0.0,0.0,0.0,0.0,0.0,0.0,0.0,0.0,0.0,0.0017155847745016217,0.03789529949426651,0.0,0.0,0.0,0.0,0.0,0.0,0.0,0.0,0.0,3.041222498723073e-06,0.039456550031900406,0.0,0.0,0.0,0.0,0.0,0.0,0.0,0.0,0.0,139.0203857421875,140.54342651367188,0.0,0.0,0.0,0.0,0.0,0.0,0.0,0.0,0.0,137.00575256347656,145.65232849121094,0.0,0.0,0.0,0.0,0.0,0.0,0.0,0.0,0.0,0.0,0.0,8000.0,0.0,0.0,0.0,0.0,0.0,0.0,0.0,0.0,0.0,0.0,8000.0,0.0,0.0,0.0,0.0,0.0,0.0,0.0,0.0,0.0,0.0,0.0,0.0,0.0,0.0,0.0,0.0,0.0,0.0,0.0,0.0,0.0,0.0,0.0,0.0,0.0,0.0,0.0,0.0,0.0,0.0,0.0,0.0,192000.0,0.0,0.0,0.0,0.0,0.0,0.0,0.0,0.0,0.0,0.0,192000.0,0.0,0.0,0.0,0.0,0.0,0.0,0.0,0.0,0.0,0.0,0.0,0.0,0.0,0.0,0.0,0.0,0.0,0.0,0.0,0.0,0.0,0.0,0.0,0.0,0.0,0.0,0.0,0.0,0.0,0.0,234.53598022460938,175.74134826660156,343.0975341796875,0.0,0.0,0.0,0.0,0.0,0.0,0.0,0.0,0.0,0.0,0.0,0.0,0.0,0.0,0.0,0.0,0.0,0.0,0.0,216.02728271484375,42.06037521362305,308.49017333984375,0.0,0.0,0.0,0.0,0.0,0.0,0.0,0.0,5722.02197265625,4897.9326171875,0.0,0.0,0.0,0.0,265.4288635253906,288.2469482421875,286.4531555175781,318.4881896972656,296.0257568359375,252.2811279296875,254.3927764892578,317.1681823730469,0.0,0.0,0.0,270.501953125,288.42474365234375,287.3700866699219,310.8664245605469,295.9199523925781,255.06027221679688,262.8248596191406,309.4975280761719,0.0,0.0,0.0,268.3426513671875,288.3605651855469,287.07000732421875,314.2133483886719,295.95135498046875,253.93670654296875,259.2256164550781,312.8744201660156,0.0,0.0,0.0,0.0,0.0,0.0,0.0,0.0,5.0,5.0,2.0,0.0,0.0,0.0,3.0,3.0,3.0,3.0,3.0,1.0,1.0,2.0,0.0,0.0,0.0,0.0,0.0,0.0,0.0,0.0,0.0,0.0,0.0,0.0,0.0,0.0,0.0,0.0,0.0,0.0,0.0,0.0,0.0,0.0,0.0,0.0,0.0,0.0,0.0,0.0,0.0,0.0,0.0,0.0,0.0,0.0,0.0,0.0,0.0,0.0,0.0,0.0,0.0,0.0,0.0,0.0,0.0,0.0,0.0,0.0,0.0,0.0,0.0,0.0,0.0,0.0,0.0,0.0,0.0,0.0,0.0,0.0,0.0,0.0,0.0,0.0,0.0,0.0,0.0,0.0,0.0,0.0,0.0,0.0,0.0,0.0,0.0,0.0,0.0,0.0,0.0,0.0,0.0,0.0,0.0,0.0,0.0,0.0,0.0,0.0,0.0,0.0,0.0,0.0,0.0,0.0,0.0,0.0,0.0,0.0,0.0,0.0,0.0,0.0,0.0,0.0,0.0,0.0,0.0,0.0,0.0,0.0,0.0,0.0,0.0,0.0,0.0,0.0,0.0,0.0,0.0,0.0,0.0,0.0,0.0,0.0,0.0,0.0,0.0,0.0,0.0,0.0,0.0,0.0,0.0,0.0,0.0,0.0,0.0,0.0,0.0,0.0,0.0,0.0,0.0,0.0,0.0,0.0,0.0,0.0,0.0,0.0,0.0,0.0,0.0,0.0,0.0,0.0,0.0,32.380001068115234,0.1861201375722885
2018-07-01,0.4955509901046753,6294.11572265625,6048.4755859375,887556.875,878968.0,240.30609130859375,455.1912841796875,6534.421875,6503.6669921875,9333.296875,6294.11572265625,0.0,887556.875,0.0,887556.875,52372.76171875,884.3871459960938,7258822.5,2.0,1.0,8281.81640625,8000.0,8000.0,0.0,0.0,0.0,0.0,1581720.25,1093928.875,1088162.25,9697.7783203125,14199.6083984375,152898352.0,152556736.0,432000.0,432000.0,0.0,0.0,1093876.625,52.36703109741211,482355232.0,40272968.0,6640187904.0,0.03677541762590408,0.06998994201421738,141.01376342773438,145.32057189941406,135.82791137695312,0.0002707500825636089,280.6296691894531,286.2002868652344,285.1044921875,281.60491943359375,287.8269348144531,277.8828430175781,269.91796875,287.8245849609375,288.87701416015625,287.5416259765625,285.2324523925781,290.09490966796875,299.0760803222656,274.2343444824219,309.0527038574219,288.4165344238281,290.2251281738281,291.339111328125,286.116455078125,287.75238037109375,276.83056640625,291.1395263671875,332565.03125,6345293.5,3230634.25,220806.0,1123441.625,7620907.0,59946.8359375,157492.25,1765541.625,1722384.75,233126.0625,810407.125,3959843.25,-0.004311265889555216,30610.08984375,3073990.5,369667.0,293944.71875,1217639.875,7704726.0,-0.10120078176259995,-0.01775173842906952,0.013862483203411102,0.07162456959486008,0.02554118074476719,0.007540369872003794,0.027003644034266472,0.010666906833648682,-0.0042733014561235905,0.017262768000364304,0.011461659334599972,0.0031945437658578157,0.00039488504990004003,0.03885921090841293,0.0,0.03633270040154457,0.0007920271600596607,-0.003272081958130002,0.014685512520372868,0.010853041894733906,0.037867072969675064,0.0,330593.8125,6345293.5,3229300.0,162780.65625,1123441.625,7615624.5,59946.8359375,156949.484375,1765541.625,1722384.75,178962.96875,810407.125,3959843.25,-0.004332581534981728,30610.08984375,3073990.5,369667.0,279503.03125,1217639.875,7704726.0,-0.10119523853063583,1971.2100830078125,-0.00029904264374636114,1334.1053466796875,58025.33203125,0.0,5282.74072265625,4.3121472117491066e-05,542.7706298828125,-0.0002785003453027457,-0.000307158799842,54163.08984375,0.0,-0.00019524431263562292,2.131575092789717e-05,-0.0001424318616045639,5.115517706144601e-05,0.00015718444774392992,14441.677734375,-1.8821394860424334e-06,-0.0002340093778911978,-5.545390649785986e-06,57998404.0,893544256.0,463316416.0,463161120.0,158203040.0,1073964032.0,8441714.0,25403288.0,248623584.0,242546704.0,426195072.0,114121528.0,557654016.0,-0.6071622967720032,4310514.0,432879360.0,52056504.0,161321008.0,171468048.0,1084979584.0,-16.48750877380371,48623116.0,893544256.0,456947264.0,30627458.0,158203040.0,1040534720.0,8441714.0,22875900.0,248623584.0,242546704.0,33735060.0,114121528.0,557654016.0,-0.7044785022735596,4310514.5,432879360.0,52056504.0,51624496.0,171468048.0,1084979584.0,-16.469316482543945,9375291.0,-1.239623785018921,6369172.5,432533664.0,0.0,33429266.0,0.22812053561210632,2527387.25,-1.2889957427978516,-1.4099584817886353,392460000.0,-1.4901161193847656e-08,-0.793338418006897,0.09731617569923401,-0.6428497433662415,0.2547115087509155,0.7162742614746094,109696512.0,-0.008656561374664307,-1.0682871341705322,-0.018193433061242104,0.0,0.0,332519.59375,0.0,0.0,90170.5,0.0,0.0,0.0,0.0,0.0,0.0,194181.09375,0.0,0.0,0.0,0.0,0.0,0.0,270685.6875,0.0,0.0,0.0,54329000.0,0.0,0.0,25766546.0,0.0,0.0,0.0,0.0,0.0,0.0,26800100.0,0.0,0.0,0.0,0.0,0.0,0.0,46002708.0,0.0,0.0,2.0,0.0,0.0,0.0,1.0,0.0,0.0,0.0,0.0,6294.11572265625,0.0,0.0,6048.4755859375,0.0,0.0,887556.875,0.0,0.0,878968.0,0.0,0.0,240.30609130859375,0.0,0.0,455.1912841796875,0.0,0.0,9333.296875,0.0,0.0,6534.421875,0.0,0.0,6294.11572265625,0.0,0.0,0.0,0.0,0.0,0.0,0.0,0.0,887556.875,0.0,0.0,0.03677541762590408,0.0,0.0,0.06998994201421738,0.0,0.0,141.01376342773438,0.0,0.0,145.32057189941406,0.0,0.0,0.0002707500825636089,0.0,0.0,135.82791137695312,0.0,0.0,1093928.875,0.0,0.0,1088162.25,0.0,0.0,152898352.0,0.0,0.0,152556736.0,0.0,0.0,9697.7783203125,0.0,0.0,14199.6083984375,0.0,0.0,1581720.25,0.0,0.0,1103626.75,0.0,0.0,1093876.625,0.0,0.0,52.36703109741211,0.0,0.0,318656.71875,0.0,0.0,152579696.0,0.0,0.0,0.0,8000.0,0.0,0.0,8281.81640625,0.0,0.0,8000.0,0.0,0.0,0.0,0.0,0.0,0.0,0.0,0.0,0.0,0.0,0.0,52372.76171875,0.0,0.0,7258822.5,0.0,0.0,884.3871459960938,0.0,0.0,0.0,0.0,0.0,0.0,0.0,0.0,0.0,3976.30517578125,2317.810546875,0.0,0.0,0.0,0.0,0.0,0.0,0.0,0.0,0.0,3999.98828125,2048.487548828125,0.0,0.0,0.0,0.0,0.0,0.0,0.0,0.0,0.0,555037.25,332519.59375,0.0,0.0,0.0,0.0,0.0,0.0,0.0,0.0,0.0,548954.4375,330013.53125,0.0,0.0,0.0,0.0,0.0,0.0,0.0,0.0,0.0,6.374762058258057,233.93133544921875,0.0,0.0,0.0,0.0,0.0,0.0,0.0,0.0,0.0,0.011808319948613644,455.1794738769531,0.0,0.0,0.0,0.0,0.0,0.0,0.0,0.0,0.0,3982.679931640625,2551.741943359375,0.0,0.0,0.0,0.0,0.0,0.0,0.0,0.0,0.0,4000.0,2503.6669921875,0.0,0.0,0.0,0.0,0.0,0.0,0.0,0.0,0.0,705704.75,388224.1875,0.0,0.0,0.0,0.0,0.0,0.0,0.0,0.0,0.0,1222.230224609375,8475.5478515625,0.0,0.0,0.0,0.0,0.0,0.0,0.0,0.0,0.0,98569352.0,54329000.0,0.0,0.0,0.0,0.0,0.0,0.0,0.0,0.0,0.0,707997.9375,380164.3125,0.0,0.0,0.0,0.0,0.0,0.0,0.0,0.0,0.0,2.0809781551361084,14197.52734375,0.0,0.0,0.0,0.0,0.0,0.0,0.0,0.0,0.0,98193648.0,54363084.0,0.0,0.0,0.0,0.0,0.0,0.0,0.0,0.0,0.0,0.0016006212681531906,0.09167515486478806,0.0,0.0,0.0,0.0,0.0,0.0,0.0,0.0,0.0,2.9520799671445275e-06,0.18180511891841888,0.0,0.0,0.0,0.0,0.0,0.0,0.0,0.0,0.0,139.58619689941406,143.4628143310547,0.0,0.0,0.0,0.0,0.0,0.0,0.0,0.0,0.0,137.239013671875,161.10107421875,0.0,0.0,0.0,0.0,0.0,0.0,0.0,0.0,0.0,0.0,0.0,8000.0,0.0,0.0,0.0,0.0,0.0,0.0,0.0,0.0,0.0,0.0,8000.0,0.0,0.0,0.0,0.0,0.0,0.0,0.0,0.0,0.0,0.0,0.0,0.0,0.0,0.0,0.0,0.0,0.0,0.0,0.0,0.0,0.0,0.0,0.0,0.0,0.0,0.0,0.0,0.0,0.0,0.0,0.0,0.0,432000.0,0.0,0.0,0.0,0.0,0.0,0.0,0.0,0.0,0.0,0.0,432000.0,0.0,0.0,0.0,0.0,0.0,0.0,0.0,0.0,0.0,0.0,0.0,0.0,0.0,0.0,0.0,0.0,0.0,0.0,0.0,0.0,0.0,0.0,0.0,0.0,0.0,0.0,0.0,0.0,0.0,0.0,236.1090087890625,200.36492919921875,351.35076904296875,0.0,0.0,0.0,0.0,0.0,0.0,0.0,0.0,0.0,0.0,0.0,0.0,0.0,0.0,0.0,0.0,0.0,0.0,0.0,216.75747680664062,36.74515151977539,308.3424377441406,0.0,0.0,0.0,0.0,0.0,0.0,0.0,0.0,5723.328125,3609.968505859375,0.0,0.0,0.0,0.0,271.5988464355469,286.8553161621094,284.30889892578125,326.7382507324219,294.3794250488281,253.53964233398438,263.48016357421875,325.410400390625,0.0,0.0,0.0,275.59808349609375,287.0238952636719,285.137451171875,318.8155212402344,294.2629699707031,256.345458984375,270.1249694824219,317.439453125,0.0,0.0,0.0,273.8888244628906,286.96588134765625,284.8636779785156,322.23626708984375,294.29913330078125,255.20486450195312,267.27178955078125,320.88873291015625,0.0,0.0,0.0,0.0,0.0,0.0,0.0,0.0,5.0,5.0,2.0,0.0,0.0,0.0,3.0,3.0,3.0,3.0,3.0,1.0,1.0,2.0,0.0,0.0,0.0,0.0,0.0,0.0,0.0,0.0,0.0,0.0,0.0,0.0,0.0,0.0,0.0,0.0,0.0,0.0,0.0,0.0,0.0,0.0,0.0,0.0,0.0,0.0,0.0,0.0,0.0,0.0,3.8355612786714353e-19,0.0,0.0,0.0,0.0,0.0,0.0,0.0,0.0,0.0,0.0,0.0,0.0,0.0,0.0,0.0,0.0,0.0,0.0,0.0,0.0,0.0,3.3211231283651994e-18,0.0,0.0,0.0,0.0,0.0,0.0,0.0,0.0,0.0,0.0,0.0,0.0,0.0,0.0,0.0,0.0,0.0,0.0,0.0,0.0,0.0,6.016791576027962e-20,0.0,0.0,0.0,0.0,0.0,0.0,0.0,0.0,0.0,0.0,0.0,0.0,0.0,0.0,0.0,0.0,0.0,0.0,0.0,0.0,0.0,0.0,0.0,0.0,0.0,0.0,0.0,0.0,0.0,0.0,0.0,0.0,0.0,0.0,0.0,0.0,0.0,0.0,0.0,0.0,0.0,0.0,0.0,0.0,0.0,25000.0,0.0,0.0,0.0,0.0,0.0,0.0,0.0,0.0,0.0,0.0,0.0,0.0,0.0,0.0,0.0,0.0,0.0,0.0,0.0,0.0,0.0,0.0,0.0,0.0,0.0,0.0,0.0,0.0,0.0,0.0,0.0,0.0,0.0,0.0,0.0,0.0,39.01000213623047,0.3500000238418579
2018-08-01,0.5804243683815002,10089.6865234375,9867.8662109375,1390151.5,1385050.25,339.3301086425781,529.3111572265625,10429.0166015625,10397.1767578125,14820.171875,10089.6865234375,0.0,1390151.5,0.0,1390151.5,89469.5625,1291.3525390625,12182134.0,3.0,1.0,8282.548828125,8000.0,8000.0,0.0,0.0,0.0,0.0,1974322.875,1360030.25,1347436.625,18907.287109375,30076.681640625,190070224.0,189278544.0,680000.0,680000.0,0.0,0.0,1359977.875,52.36703109741211,482594016.0,40006868.0,6603014656.0,0.03253711387515068,0.050909120589494705,137.77944946289062,140.35964965820312,133.29649353027344,0.00024409577599726617,277.6673583984375,285.9595642089844,282.482421875,282.85791015625,287.62969970703125,258.623291015625,270.1195068359375,288.79022216796875,288.70953369140625,283.13861083984375,285.2169494628906,290.0797424316406,254.9608917236328,276.1851806640625,310.0235290527344,287.0256652832031,286.06951904296875,289.62188720703125,287.1493225097656,257.0621032714844,275.563232421875,289.2416076660156,333368.4375,6329689.0,3181672.25,219852.3125,1112987.375,7593508.0,59831.2265625,157774.03125,1759711.375,1715117.25,233021.765625,795068.625,3923222.0,-0.0045958892442286015,30607.7421875,3072288.75,369081.9375,294193.375,1178933.875,7646938.5,-0.23366482555866241,-0.020210402086377144,0.016287563368678093,0.0856945738196373,0.02974996529519558,0.016775691881775856,0.030501795932650566,0.012574885040521622,-0.00607006112113595,0.02050800807774067,0.015632757917046547,0.003640473587438464,0.019314300268888474,0.04774804413318634,0.0,0.03640662133693695,0.001345200464129448,-0.0016842182958498597,0.01385197788476944,0.04229579493403435,0.045083340257406235,0.0,331011.375,6329689.0,3180450.75,162252.71875,1112624.0,7588080.0,59831.2265625,156977.65625,1759711.375,1715117.25,179108.21875,794658.3125,3923222.0,-0.004619153682142496,30607.7421875,3072288.75,369081.9375,279591.40625,1178258.75,7646938.5,-0.23423296213150024,2357.06396484375,-5.1733150030486286e-05,1221.5556640625,57599.5859375,363.4759826660156,5427.93994140625,6.263126851990819e-05,796.373046875,-0.00014455315249506384,-0.0004765243793372065,53913.546875,410.31085205078125,-0.00018067003111355007,2.3264688934432343e-05,-0.0001221966667799279,-0.0003880305157508701,0.0006554973078891635,14601.96875,675.175048828125,0.00010423368803458288,0.0005681367474608123,60012512.0,891346880.0,456195776.0,461327616.0,156763824.0,1070290560.0,8425434.0,26743954.0,247802560.0,241523360.0,424613824.0,112011216.0,552480832.0,-0.6472444534301758,4310183.5,432639776.0,51974116.0,161430256.0,166279952.0,1076841856.0,-35.14192581176758,48779452.0,891346880.0,450465600.0,30578764.0,154587776.0,1035907712.0,8425434.0,23029160.0,247802560.0,241523360.0,33781832.0,109532008.0,552480832.0,-0.7530113458633423,4310184.0,432639776.0,51974112.0,51867772.0,162102928.0,1076841856.0,-37.780487060546875,11233062.0,-0.17725765705108643,5730165.5,430748832.0,2176060.0,34382884.0,0.3080287575721741,3714793.0,-0.6589974164962769,-2.189054250717163,390831968.0,2479209.75,-0.7171673774719238,0.1057669073343277,-0.5515426397323608,-1.7750688791275024,3.0057342052459717,109562488.0,4177028.75,0.5200443267822266,2.6385622024536133,0.0,0.0,301668.1875,0.0,93646.5859375,87197.796875,0.0,0.0,0.0,0.0,0.0,95771.25,202159.71875,0.0,0.0,0.0,0.0,0.0,344575.34375,265132.59375,0.0,0.0,0.0,63993408.0,0.0,1669282.5,28479594.0,0.0,0.0,0.0,0.0,0.0,2104907.25,32977744.0,0.0,0.0,0.0,0.0,0.0,6538009.0,54307276.0,0.0,0.0,3.0,0.0,0.0,0.0,1.0,0.0,0.0,0.0,0.0,10089.6865234375,0.0,0.0,9867.8662109375,0.0,0.0,1390151.5,0.0,0.0,1385050.25,0.0,0.0,339.3301086425781,0.0,0.0,529.3111572265625,0.0,0.0,14820.171875,0.0,0.0,10429.0166015625,0.0,0.0,10089.6865234375,0.0,0.0,0.0,0.0,0.0,0.0,0.0,0.0,1390151.5,0.0,0.0,0.03253711387515068,0.0,0.0,0.050909120589494705,0.0,0.0,137.77944946289062,0.0,0.0,140.35964965820312,0.0,0.0,0.00024409577599726617,0.0,0.0,133.29649353027344,0.0,0.0,1360030.25,0.0,0.0,1347436.625,0.0,0.0,190070224.0,0.0,0.0,189278544.0,0.0,0.0,18907.287109375,0.0,0.0,30076.681640625,0.0,0.0,1974322.875,0.0,0.0,1378937.625,0.0,0.0,1359977.875,0.0,0.0,52.36703109741211,0.0,0.0,318656.71875,0.0,0.0,189751568.0,0.0,0.0,0.0,8000.0,0.0,0.0,8282.548828125,0.0,0.0,8000.0,0.0,0.0,0.0,0.0,0.0,0.0,0.0,0.0,0.0,0.0,0.0,89469.5625,0.0,0.0,12182134.0,0.0,0.0,1291.3525390625,0.0,0.0,0.0,0.0,0.0,0.0,0.0,0.0,0.0,3978.20751953125,2103.765869140625,0.0,4007.713623046875,0.0,0.0,0.0,0.0,0.0,0.0,0.0,3999.98828125,1868.5623779296875,0.0,3999.3154296875,0.0,0.0,0.0,0.0,0.0,0.0,0.0,554490.125,301668.1875,0.0,533993.1875,0.0,0.0,0.0,0.0,0.0,0.0,0.0,549117.8125,297787.15625,0.0,538145.3125,0.0,0.0,0.0,0.0,0.0,0.0,0.0,6.337094306945801,328.5662841796875,0.0,4.426723957061768,0.0,0.0,0.0,0.0,0.0,0.0,0.0,0.011667500250041485,528.614990234375,0.0,0.6844934225082397,0.0,0.0,0.0,0.0,0.0,0.0,0.0,3984.544677734375,2432.332275390625,0.0,4012.140380859375,0.0,0.0,0.0,0.0,0.0,0.0,0.0,4000.0,2397.177490234375,0.0,4000.0,0.0,0.0,0.0,0.0,0.0,0.0,0.0,829012.375,455339.40625,0.0,75678.484375,0.0,0.0,0.0,0.0,0.0,0.0,0.0,1418.6505126953125,17410.32421875,0.0,78.31271362304688,0.0,0.0,0.0,0.0,0.0,0.0,0.0,115764616.0,63993408.0,0.0,10312199.0,0.0,0.0,0.0,0.0,0.0,0.0,0.0,831997.5625,439452.0625,0.0,75986.9921875,0.0,0.0,0.0,0.0,0.0,0.0,0.0,2.4437756538391113,30061.232421875,0.0,13.005374908447266,0.0,0.0,0.0,0.0,0.0,0.0,0.0,115215336.0,63838452.0,0.0,10224761.0,0.0,0.0,0.0,0.0,0.0,0.0,0.0,0.0015904187457635999,0.13508281111717224,0.0,0.0011033322662115097,0.0,0.0,0.0,0.0,0.0,0.0,0.0,2.9168750188546255e-06,0.22051560878753662,0.0,0.0001711233489913866,0.0,0.0,0.0,0.0,0.0,0.0,0.0,139.38189697265625,143.3943634033203,0.0,133.24134826660156,0.0,0.0,0.0,0.0,0.0,0.0,0.0,137.2798614501953,159.3669891357422,0.0,134.55935668945312,0.0,0.0,0.0,0.0,0.0,0.0,0.0,0.0,0.0,8000.0,0.0,0.0,0.0,0.0,0.0,0.0,0.0,0.0,0.0,0.0,8000.0,0.0,0.0,0.0,0.0,0.0,0.0,0.0,0.0,0.0,0.0,0.0,0.0,0.0,0.0,0.0,0.0,0.0,0.0,0.0,0.0,0.0,0.0,0.0,0.0,0.0,0.0,0.0,0.0,0.0,0.0,0.0,0.0,680000.0,0.0,0.0,0.0,0.0,0.0,0.0,0.0,0.0,0.0,0.0,680000.0,0.0,0.0,0.0,0.0,0.0,0.0,0.0,0.0,0.0,0.0,0.0,0.0,0.0,0.0,0.0,0.0,0.0,0.0,0.0,0.0,0.0,0.0,0.0,0.0,0.0,0.0,0.0,0.0,0.0,0.0,236.2515869140625,203.8992156982422,354.4039611816406,224.23484802246094,0.0,0.0,0.0,0.0,0.0,0.0,0.0,0.0,0.0,0.0,0.0,0.0,0.0,0.0,0.0,0.0,0.0,0.0,215.7537841796875,34.66970443725586,308.287841796875,191.85971069335938,0.0,0.0,0.0,0.0,0.0,0.0,0.0,5726.85302734375,3398.27197265625,0.0,5695.046875,0.0,0.0,272.1812438964844,246.98631286621094,282.0485534667969,329.7890930175781,292.0509338378906,253.7158660888672,264.6142883300781,328.4594421386719,245.09237670898438,0.0,0.0,276.100341796875,249.83909606933594,282.65374755859375,321.7943115234375,291.9214172363281,256.5486145019531,271.12054443359375,320.4167175292969,247.79965209960938,0.0,0.0,274.4185485839844,248.61691284179688,282.45391845703125,325.2152404785156,291.9636535644531,255.39447021484375,268.3108215332031,323.8656311035156,246.62249755859375,0.0,0.0,0.0,0.0,0.0,0.0,0.0,5.0,5.0,2.0,5.0,0.0,0.0,3.0,3.0,3.0,3.0,3.0,1.0,1.0,2.0,1.0,0.0,0.0,0.0,0.0,0.0,0.0,0.0,0.0,0.0,0.0,0.0,0.0,0.0,0.0,0.0,0.0,0.0,0.0,0.0,0.0,0.0,0.0,0.0,0.0,0.0,0.0,0.0,0.0,0.0,4.1878836218535627e-16,0.0,0.0,0.0,0.0,0.0,0.0,0.0,0.0,0.0,0.0,0.0,0.0,0.0,0.0,0.0,0.0,0.0,0.0,0.0,0.0,0.0,3.803322352289315e-15,0.0,0.0,0.0,0.0,0.0,0.0,0.0,0.0,0.0,0.0,0.0,0.0,0.0,0.0,0.0,0.0,0.0,0.0,0.0,0.0,0.0,6.60852326120947e-17,0.0,0.0,0.0,0.0,0.0,0.0,0.0,0.0,0.0,0.0,0.0,0.0,0.0,0.0,0.0,0.0,0.0,0.0,0.0,0.0,0.0,0.0,0.0,0.0,0.0,0.0,0.0,0.0,0.0,0.0,0.0,0.0,0.0,0.0,0.0,0.0,0.0,0.0,0.0,0.0,0.0,0.0,0.0,0.0,0.0,25000.0,0.0,0.0,0.0,0.0,0.0,0.0,0.0,0.0,0.0,0.0,0.0,0.0,0.0,0.0,0.0,0.0,0.0,0.0,0.0,0.0,0.0,0.0,0.0,0.0,0.0,0.0,0.0,0.0,0.0,0.0,0.0,0.0,0.0,0.0,0.0,0.0,45.820003509521484,0.17410171031951904
2018-09-01,0.6652977466583252,10568.931640625,9699.5849609375,1498851.75,1607257.0,401.54083251953125,586.3271484375,10970.47265625,10285.912109375,15736.3251953125,10554.095703125,14.836160659790039,1498851.75,111241.96875,1387609.75,78264.1953125,1518.1624755859375,10992691.0,3.0,1.0,8283.685546875,8000.0,8000.0,0.0,0.0,0.0,0.0,2447304.5,1681312.125,1649458.875,30635.78515625,47797.30078125,234301216.0,235784624.0,928000.0,928000.0,0.0,0.0,1681090.875,221.19778442382812,482830304.0,39685640.0,6558767104.0,0.0366019643843174,0.05700293555855751,141.8167724609375,165.7036895751953,136.62600708007812,0.0002678989549167454,274.93841552734375,285.2832336425781,279.18988037109375,282.2156677246094,287.15185546875,244.84439086914062,269.72430419921875,288.83135986328125,288.2077941894531,279.2083435058594,283.6216735839844,289.7884521484375,233.20773315429688,276.11053466796875,310.151123046875,285.309326171875,282.3401184082031,287.3363342285156,287.2870788574219,241.4895477294922,273.3065185546875,286.3559265136719,334483.4375,6310450.5,3132400.75,218717.53125,1094719.625,7566026.5,59711.69140625,158138.78125,1752034.875,1705544.25,232821.5625,773120.5625,3884796.5,-0.004837785381823778,30734.494140625,3068636.0,367559.9375,294345.15625,1115024.75,7586375.0,-0.2848433554172516,-0.023622674867510796,0.019277522340416908,0.0998535081744194,0.03475799411535263,0.032913628965616226,0.03401050716638565,0.01454761903733015,-0.008395995944738388,0.024780912324786186,0.02112705260515213,0.004496491979807615,0.04638633877038956,0.05707469582557678,0.0,0.03241616487503052,0.002532529877498746,0.002446415601298213,0.01334324013441801,0.09421218931674957,0.052646271884441376,0.0,331677.34375,6310445.5,3131248.25,161745.046875,1093082.375,7560436.5,59711.69140625,156968.359375,1752034.875,1705544.25,179395.515625,771307.125,3884796.5,-0.00486206728965044,30734.49609375,3068636.0,367559.9375,279719.375,1113021.125,7586375.0,-0.2855021357536316,2806.111572265625,4.729447364807129,1152.5245361328125,56972.484375,1637.258544921875,5589.9541015625,0.00010387618385720998,1170.430419921875,7.770099909976125e-05,-0.0004354151606094092,53426.0546875,1813.448486328125,-0.0001880360796349123,2.4282138838316314e-05,-8.913042256608605e-05,0.01065035816282034,0.002609680173918605,14625.783203125,2003.729248046875,0.0005970898200757802,0.0006587983807548881,62395568.0,888638400.0,449165088.0,459115840.0,154455312.0,1066611904.0,8408601.0,28691242.0,246721552.0,240175504.0,422465216.0,108990104.0,547066176.0,-0.6813082695007324,4367581.5,432125280.0,51759788.0,161467744.0,157833088.0,1068313344.0,-42.34696578979492,48958960.0,888610240.0,443741152.0,30462084.0,143642832.0,1031148672.0,8408601.0,23202130.0,246721552.0,240175504.0,33809836.0,96253384.0,547066176.0,-0.7918688058853149,4367582.0,432125248.0,51759776.0,51928924.0,143904480.0,1068313344.0,-45.469383239746094,13436611.0,28220.291015625,5423938.0,428653760.0,10812475.0,35463236.0,0.49345776438713074,5489111.0,0.41697654128074646,-2.018612861633301,388655392.0,12736717.0,-0.7396755218505859,0.1105605810880661,-0.4055232107639313,51.04825973510742,12.115890502929688,109538816.0,13928600.0,2.9091646671295166,3.1224167346954346,0.0,0.0,271886.5625,0.0,108731.7265625,90468.140625,0.0,0.0,0.0,0.0,0.0,110854.4375,205257.734375,0.0,0.0,0.0,0.0,0.0,453368.125,258285.03125,0.0,0.0,0.0,72681184.0,0.0,4851554.5,31239906.0,0.0,0.0,0.0,0.0,0.0,5128260.0,39313312.0,0.0,0.0,0.0,0.0,0.0,18695416.0,62391576.0,0.0,0.0,3.0,0.0,0.0,0.0,1.0,0.0,0.0,0.0,0.0,10568.931640625,0.0,0.0,9699.5849609375,0.0,0.0,1498851.75,0.0,0.0,1607257.0,0.0,0.0,401.54083251953125,0.0,0.0,586.3271484375,0.0,0.0,15736.3251953125,0.0,0.0,10970.47265625,0.0,0.0,10554.095703125,0.0,0.0,14.836160659790039,0.0,0.0,111241.96875,0.0,0.0,1387609.75,0.0,0.0,0.0366019643843174,0.0,0.0,0.05700293555855751,0.0,0.0,141.8167724609375,0.0,0.0,165.7036895751953,0.0,0.0,0.0002678989549167454,0.0,0.0,136.62600708007812,0.0,0.0,1681312.125,0.0,0.0,1649458.875,0.0,0.0,234301216.0,0.0,0.0,235784624.0,0.0,0.0,30635.78515625,0.0,0.0,47797.30078125,0.0,0.0,2447304.5,0.0,0.0,1711947.875,0.0,0.0,1681090.875,0.0,0.0,221.19778442382812,0.0,0.0,1545150.375,0.0,0.0,232756064.0,0.0,0.0,0.0,8000.0,0.0,0.0,8283.685546875,0.0,0.0,8000.0,0.0,0.0,0.0,0.0,0.0,0.0,0.0,0.0,0.0,0.0,0.0,78264.1953125,0.0,0.0,10992691.0,0.0,0.0,1518.1624755859375,0.0,0.0,0.0,0.0,0.0,0.0,0.0,0.0,0.0,3978.630859375,1918.54931640625,0.0,4671.75146484375,0.0,0.0,0.0,0.0,0.0,0.0,0.0,3999.988525390625,1700.409423828125,0.0,3999.18701171875,0.0,0.0,0.0,0.0,0.0,0.0,0.0,554010.875,271886.5625,0.0,672954.3125,0.0,0.0,0.0,0.0,0.0,0.0,0.0,548822.75,265439.0625,0.0,792995.25,0.0,0.0,0.0,0.0,0.0,0.0,0.0,6.442624568939209,387.946044921875,0.0,7.15216588973999,0.0,0.0,0.0,0.0,0.0,0.0,0.0,0.011538409627974033,585.502685546875,0.0,0.8129544854164124,0.0,0.0,0.0,0.0,0.0,0.0,0.0,3985.073486328125,2306.495361328125,0.0,4678.9033203125,0.0,0.0,0.0,0.0,0.0,0.0,0.0,4000.0,2285.912109375,0.0,4000.0,0.0,0.0,0.0,0.0,0.0,0.0,0.0,952345.6875,516435.15625,0.0,212531.234375,0.0,0.0,0.0,0.0,0.0,0.0,0.0,1616.920654296875,28756.4609375,0.0,262.4025573730469,0.0,0.0,0.0,0.0,0.0,0.0,0.0,132944792.0,72681184.0,0.0,28675232.0,0.0,0.0,0.0,0.0,0.0,0.0,0.0,955997.1875,493498.1875,0.0,199963.515625,0.0,0.0,0.0,0.0,0.0,0.0,0.0,2.802513360977173,47758.01953125,0.0,36.47898864746094,0.0,0.0,0.0,0.0,0.0,0.0,0.0,132232696.0,72326848.0,0.0,31225072.0,0.0,0.0,0.0,0.0,0.0,0.0,0.0,0.0016166889108717442,0.16819718480110168,0.0,0.0015285987174138427,0.0,0.0,0.0,0.0,0.0,0.0,0.0,2.884602508856915e-06,0.2561352550983429,0.0,0.00020323862554505467,0.0,0.0,0.0,0.0,0.0,0.0,0.0,139.24661254882812,141.7146453857422,0.0,144.04754638671875,0.0,0.0,0.0,0.0,0.0,0.0,0.0,137.20608520507812,156.10302734375,0.0,198.2891082763672,0.0,0.0,0.0,0.0,0.0,0.0,0.0,0.0,0.0,8000.0,0.0,0.0,0.0,0.0,0.0,0.0,0.0,0.0,0.0,0.0,8000.0,0.0,0.0,0.0,0.0,0.0,0.0,0.0,0.0,0.0,0.0,0.0,0.0,0.0,0.0,0.0,0.0,0.0,0.0,0.0,0.0,0.0,0.0,0.0,0.0,0.0,0.0,0.0,0.0,0.0,0.0,0.0,0.0,928000.0,0.0,0.0,0.0,0.0,0.0,0.0,0.0,0.0,0.0,0.0,928000.0,0.0,0.0,0.0,0.0,0.0,0.0,0.0,0.0,0.0,0.0,0.0,0.0,0.0,0.0,0.0,0.0,0.0,0.0,0.0,0.0,0.0,0.0,0.0,0.0,0.0,0.0,0.0,0.0,0.0,0.0,235.5208282470703,204.12164306640625,355.3741760253906,193.99713134765625,0.0,0.0,0.0,0.0,0.0,0.0,0.0,0.0,0.0,0.0,0.0,0.0,0.0,0.0,0.0,0.0,0.0,0.0,214.94480895996094,32.01293182373047,308.2704772949219,156.33387756347656,0.0,0.0,0.0,0.0,0.0,0.0,0.0,5730.98974609375,3180.878173828125,0.0,6824.45703125,0.0,0.0,271.1603088378906,225.58009338378906,278.9894104003906,330.75909423828125,289.0419921875,253.03489685058594,264.0804443359375,329.4284973144531,223.8194580078125,0.0,0.0,274.95098876953125,229.686279296875,279.5016784667969,322.71160888671875,288.9042053222656,255.89535522460938,270.3699035644531,321.3332824707031,227.78944396972656,0.0,0.0,273.3191223144531,227.9637908935547,279.3344421386719,326.1361083984375,288.94989013671875,254.7305908203125,267.6409606933594,324.7853698730469,226.10914611816406,0.0,0.0,0.0,0.0,0.0,0.0,0.0,5.0,5.0,2.0,5.0,0.0,0.0,3.0,3.0,3.0,3.0,3.0,1.0,1.0,2.0,1.0,0.0,0.0,0.0,0.0,0.0,0.0,0.0,0.0,0.0,0.0,0.0,0.0,0.0,0.0,0.0,0.0,0.0,0.0,0.0,0.0,0.0,0.0,0.0,0.0,0.0,0.0,0.0,0.0,0.0,2.498113478230368e-13,0.0,0.0,0.0,0.0,0.0,0.0,0.0,0.0,0.0,0.0,0.0,0.0,0.0,0.0,0.0,0.0,0.0,0.0,0.0,0.0,0.0,2.831331306560325e-12,0.0,0.0,0.0,0.0,0.0,0.0,0.0,0.0,0.0,0.0,0.0,0.0,0.0,0.0,0.0,0.0,0.0,0.0,0.0,0.0,0.0,3.877477969239061e-14,0.0,0.0,0.0,0.0,0.0,0.0,0.0,0.0,0.0,0.0,0.0,0.0,0.0,0.0,0.0,0.0,0.0,0.0,0.0,0.0,0.0,0.0,0.0,0.0,0.0,0.0,0.0,0.0,0.0,0.0,0.0,0.0,0.0,0.0,0.0,0.0,0.0,0.0,0.0,0.0,0.0,0.0,0.0,0.0,0.0,25000.0,0.0,0.0,0.0,0.0,0.0,0.0,0.0,0.0,0.0,0.0,0.0,0.0,0.0,0.0,0.0,0.0,0.0,0.0,0.0,0.0,0.0,0.0,0.0,0.0,0.0,0.0,0.0,0.0,0.0,0.0,0.0,0.0,0.0,0.0,0.0,0.0,52.11000061035156,0.18666668236255646
2018-10-01,0.7474332451820374,14326.8505859375,13624.216796875,2267411.5,2372778.0,545.3466796875,605.9576416015625,14872.197265625,14230.1748046875,22461.314453125,14280.173828125,46.67666244506836,2267411.5,413105.53125,1854306.0,97643.09375,2093.58642578125,14724408.0,4.0,1.0,8285.26171875,8000.0,8000.0,0.0,0.0,0.0,0.0,2993703.5,2034475.875,1974947.25,44302.78125,65782.75,288713536.0,293978208.0,1168000.0,1168000.0,0.0,0.0,2033187.5,1288.446044921875,483056640.0,39332524.0,6504343552.0,0.036668870598077774,0.04258258640766144,158.26307678222656,174.15884399414062,152.45974731445312,0.00024051508808042854,270.0855712890625,284.29339599609375,269.2074279785156,280.8739318847656,286.3199768066406,231.29660034179688,268.7346496582031,288.0301208496094,287.3736267089844,275.4522705078125,281.73822021484375,289.08807373046875,211.06393432617188,274.9837646484375,309.56939697265625,283.4919128417969,278.4588317871094,285.0635986328125,286.4378356933594,225.02308654785156,266.4679260253906,281.54327392578125,335704.8125,6271419.0,3084668.75,217517.46875,1074850.0,7538483.0,59591.90625,158570.1875,1743587.875,1695034.25,232501.21875,751899.625,3846886.25,-0.004963237792253494,31016.23828125,3064538.75,365563.71875,294350.5625,1056219.125,7510121.0,-0.33571240305900574,-0.02736043743789196,0.02534346841275692,0.11357009410858154,0.040054064244031906,0.0504666306078434,0.03752712532877922,0.01652451790869236,-0.011146875098347664,0.029482634738087654,0.02715913951396942,0.005866236984729767,0.07256155461072922,0.06627637147903442,0.0,0.023546338081359863,0.003864369820803404,0.007864154875278473,0.013325153850018978,0.14198283851146698,0.06216851621866226,0.0,332400.96875,6271384.0,3083569.0,161435.671875,1072257.375,7532644.5,59591.90625,156922.078125,1743587.875,1695034.25,179865.578125,749406.4375,3846886.25,-0.00498725613579154,31009.67578125,3064538.5,365563.71875,279855.875,1053699.625,7510116.5,-0.33631446957588196,3303.84326171875,35.236568450927734,1099.8602294921875,56081.796875,2592.6455078125,5838.09375,0.00028535324963741004,1648.103515625,0.0005799476057291031,-0.00036357645876705647,52635.6328125,2493.20703125,-0.00017534583457745612,2.4018281692406163e-05,6.56218147277832,0.029627403244376183,0.0031933216378092766,14494.6875,2519.509765625,4.7369866371154785,0.0006020906148478389,65118712.0,883155456.0,442404928.0,456542176.0,151588048.0,1062934144.0,8391733.0,31158972.0,245532064.0,238695760.0,419819680.0,104481496.0,541726208.0,-0.6989732384681702,4547153.0,431548320.0,51478680.0,161374096.0,146265680.0,1057580480.0,-49.50397872924805,49187364.0,882937088.0,437169952.0,30321308.0,132632816.0,1025784064.0,8391731.0,23371960.0,245532064.0,238695760.0,33807516.0,83839224.0,541726208.0,-0.8090423941612244,4515390.5,431548160.0,51478668.0,51758460.0,126435384.0,1057552832.0,-52.462982177734375,15931350.0,218355.59375,5234955.5,426220864.0,18955230.0,37150044.0,1.381441593170166,7787012.5,2.9438319206237793,-1.7032334804534912,386012160.0,20642270.0,-0.6888442039489746,0.1100691482424736,31762.74609375,146.5206756591797,15.030289649963379,109615632.0,19830290.0,27614.744140625,2.959001302719116,0.0,266208.0,257535.21875,0.0,151539.21875,99642.875,0.0,0.0,0.0,0.0,0.0,180183.8125,208593.921875,0.0,0.0,0.0,0.0,0.0,572275.8125,531433.125,0.0,0.0,2717027.75,80564240.0,0.0,8904061.0,34047464.0,0.0,0.0,0.0,0.0,0.0,9648066.0,45494272.0,0.0,0.0,0.0,0.0,0.0,35059888.0,72279592.0,0.0,0.0,4.0,0.0,0.0,0.0,1.0,0.0,0.0,0.0,0.0,14326.8505859375,0.0,0.0,13624.216796875,0.0,0.0,2267411.5,0.0,0.0,2372778.0,0.0,0.0,545.3466796875,0.0,0.0,605.9576416015625,0.0,0.0,22461.314453125,0.0,0.0,14872.197265625,0.0,0.0,14280.173828125,0.0,0.0,46.67666244506836,0.0,0.0,413105.53125,0.0,0.0,1854306.0,0.0,0.0,0.036668870598077774,0.0,0.0,0.04258258640766144,0.0,0.0,158.26307678222656,0.0,0.0,174.15884399414062,0.0,0.0,0.00024051508808042854,0.0,0.0,152.45974731445312,0.0,0.0,2034475.875,0.0,0.0,1974947.25,0.0,0.0,288713536.0,0.0,0.0,293978208.0,0.0,0.0,44302.78125,0.0,0.0,65782.75,0.0,0.0,2993703.5,0.0,0.0,2078778.625,0.0,0.0,2033187.5,0.0,0.0,1288.446044921875,0.0,0.0,10428524.0,0.0,0.0,278285024.0,0.0,0.0,0.0,8000.0,0.0,0.0,8285.26171875,0.0,0.0,8000.0,0.0,0.0,0.0,0.0,0.0,0.0,0.0,0.0,0.0,0.0,0.0,97643.09375,0.0,0.0,14724408.0,0.0,0.0,2093.58642578125,0.0,0.0,0.0,0.0,0.0,0.0,0.0,0.0,0.0,3981.7421875,1821.790283203125,0.0,4591.10888671875,3932.20947265625,0.0,0.0,0.0,0.0,0.0,0.0,3999.988525390625,1626.75390625,0.0,3999.085693359375,3998.388916015625,0.0,0.0,0.0,0.0,0.0,0.0,552163.4375,257535.21875,0.0,903998.875,553714.0625,0.0,0.0,0.0,0.0,0.0,0.0,548149.0625,252895.53125,0.0,1008678.875,563054.4375,0.0,0.0,0.0,0.0,0.0,0.0,6.714873790740967,432.59149169921875,0.0,11.841039657592773,94.19930267333984,0.0,0.0,0.0,0.0,0.0,0.0,0.011523430235683918,603.4207153320312,0.0,0.9143087267875671,1.6111193895339966,0.0,0.0,0.0,0.0,0.0,0.0,3988.45703125,2254.3818359375,0.0,4602.9501953125,4026.40869140625,0.0,0.0,0.0,0.0,0.0,0.0,4000.0,2230.174560546875,0.0,4000.0,4000.0,0.0,0.0,0.0,0.0,0.0,0.0,1071716.125,572160.4375,0.0,355180.625,35418.70703125,0.0,0.0,0.0,0.0,0.0,0.0,1813.2890625,41136.11328125,0.0,546.720458984375,806.6605224609375,0.0,0.0,0.0,0.0,0.0,0.0,149549664.0,80564240.0,0.0,53612012.0,4987622.0,0.0,0.0,0.0,0.0,0.0,0.0,1075996.875,543028.0625,0.0,319936.84375,35985.5,0.0,0.0,0.0,0.0,0.0,0.0,3.148066759109497,65701.953125,0.0,63.150238037109375,14.50007438659668,0.0,0.0,0.0,0.0,0.0,0.0,148686976.0,80035256.0,0.0,60188484.0,5067490.0,0.0,0.0,0.0,0.0,0.0,0.0,0.0016835767310112715,0.1918891817331314,0.0,0.0025724894367158413,0.023395365104079247,0.0,0.0,0.0,0.0,0.0,0.0,2.880857664422365e-06,0.2705710828304291,0.0,0.0002285771770402789,0.000402779842261225,0.0,0.0,0.0,0.0,0.0,0.0,138.673828125,141.3638153076172,0.0,196.90206909179688,140.81500244140625,0.0,0.0,0.0,0.0,0.0,0.0,137.03765869140625,155.46022033691406,0.0,252.2273712158203,140.82032775878906,0.0,0.0,0.0,0.0,0.0,0.0,0.0,0.0,8000.0,0.0,0.0,0.0,0.0,0.0,0.0,0.0,0.0,0.0,0.0,8000.0,0.0,0.0,0.0,0.0,0.0,0.0,0.0,0.0,0.0,0.0,0.0,0.0,0.0,0.0,0.0,0.0,0.0,0.0,0.0,0.0,0.0,0.0,0.0,0.0,0.0,0.0,0.0,0.0,0.0,0.0,0.0,0.0,1168000.0,0.0,0.0,0.0,0.0,0.0,0.0,0.0,0.0,0.0,0.0,1168000.0,0.0,0.0,0.0,0.0,0.0,0.0,0.0,0.0,0.0,0.0,0.0,0.0,0.0,0.0,0.0,0.0,0.0,0.0,0.0,0.0,0.0,0.0,0.0,0.0,0.0,0.0,0.0,0.0,0.0,0.0,233.77650451660156,202.74945068359375,355.3133850097656,165.6220703125,256.7756652832031,0.0,0.0,0.0,0.0,0.0,0.0,0.0,0.0,0.0,0.0,0.0,0.0,0.0,0.0,0.0,0.0,0.0,212.81317138671875,30.443317413330078,308.2715759277344,127.28736877441406,6365.4296875,0.0,0.0,0.0,0.0,0.0,0.0,5735.962890625,3089.5732421875,0.0,7846.56494140625,5789.212890625,0.0,269.48193359375,202.8372039794922,262.2936706542969,330.6993713378906,286.1370544433594,251.51129150390625,262.61749267578125,329.3680114746094,201.4366455078125,261.6052551269531,0.0,273.24981689453125,207.98709106445312,264.404296875,322.61553955078125,285.99212646484375,254.40753173828125,268.8661193847656,321.23663330078125,206.4768829345703,263.3456726074219,0.0,271.6229553222656,205.8758087158203,263.6792297363281,326.0443420410156,286.04107666015625,253.2330322265625,266.1441650390625,324.6927795410156,204.39903259277344,262.7586364746094,0.0,0.0,0.0,0.0,0.0,0.0,5.0,5.0,2.0,5.0,5.0,0.0,3.0,3.0,3.0,3.0,3.0,1.0,1.0,2.0,1.0,1.0,0.0,0.0,0.0,0.0,0.0,0.0,0.0,0.0,0.0,0.0,0.0,0.0,0.0,0.0,0.0,0.0,0.0,0.0,0.0,0.0,0.0,0.0,0.0,0.0,0.0,0.0,0.0,0.0,1.3396957154743205e-11,0.0,0.0,0.0,0.0,0.0,0.0,0.0,0.0,0.0,0.0,0.0,0.0,0.0,0.0,0.0,0.0,0.0,0.0,0.0,0.0,0.0,1.2423778672498997e-10,0.0,0.0,0.0,0.0,0.0,0.0,0.0,0.0,0.0,0.0,0.0,0.0,0.0,0.0,0.0,0.0,0.0,0.0,0.0,0.0,0.0,1.9951167454235197e-12,0.0,0.0,0.0,0.0,0.0,0.0,0.0,0.0,0.0,0.0,0.0,0.0,0.0,0.0,0.0,0.0,0.0,0.0,0.0,0.0,0.0,0.0,0.0,0.0,0.0,0.0,0.0,0.0,0.0,0.0,0.0,0.0,0.0,0.0,0.0,0.0,0.0,0.0,0.0,0.0,0.0,0.0,0.0,0.0,0.0,25000.0,0.0,0.0,0.0,0.0,0.0,0.0,0.0,0.0,0.0,0.0,0.0,0.0,0.0,0.0,0.0,0.0,0.0,0.0,0.0,0.0,0.0,0.0,0.0,0.0,0.0,0.0,0.0,0.0,0.0,0.0,0.0,0.0,0.0,0.0,0.0,0.0,62.83000183105469,0.2653905749320984
2018-11-01,0.8323066234588623,13680.951171875,13368.8623046875,2236958.25,2305896.25,671.982421875,610.5230712890625,14352.93359375,13979.3857421875,22013.92578125,13629.8515625,51.099769592285156,2236958.25,505069.625,1731888.625,86983.5859375,2386.29150390625,13067347.0,4.0,1.0,8286.6494140625,8000.0,8000.0,0.0,0.0,0.0,0.0,3677706.5,2464042.75,2390357.5,63192.71875,84692.34375,358068832.0,365752928.0,1416000.0,1416000.0,0.0,0.0,2461223.75,2819.046630859375,483285760.0,38902924.0,6434993664.0,0.04681847244501114,0.04367309808731079,163.50897216796875,172.48260498046875,155.85372924804688,0.00030040007550269365,264.5926513671875,282.7862548828125,260.5054626464844,278.55682373046875,284.9628601074219,216.60958862304688,265.99688720703125,284.81842041015625,285.936279296875,271.5201721191406,279.1224670410156,287.7848815917969,187.63970947265625,271.7569580078125,307.3046875,280.7335205078125,272.7596740722656,281.59661865234375,284.5325622558594,218.0848388671875,258.3736267089844,274.72454833984375,336962.0625,6200959.5,3034987.5,216218.625,1056562.375,7504918.5,59447.734375,159081.6875,1734334.375,1682919.75,232026.734375,736084.0625,3805238.0,-0.004755228757858276,31310.732421875,3060351.25,362894.5,294372.46875,1012572.5,7381682.5,-0.17472755908966064,-0.031208036467432976,0.03629375621676445,0.12784680724143982,0.045786138623952866,0.06662216037511826,0.041812434792518616,0.018903831019997597,-0.014408505521714687,0.03463336452841759,0.034112051129341125,0.007895036600530148,0.09206942468881607,0.07638532668352127,0.0,0.014275044202804565,0.005225473083555698,0.015108363702893257,0.01325164269655943,0.17743907868862152,0.07820738852024078,0.0,333041.75,6199319.0,3033942.75,161432.953125,1053374.75,7498357.0,59447.734375,156796.4375,1734334.25,1682919.75,180619.34375,733538.5625,3805237.75,-0.0047755553387105465,31253.689453125,3060351.25,362894.5,280179.71875,1010186.6875,7379909.5,-0.17453545331954956,3920.3232421875,1640.6475830078125,1044.9205322265625,54785.66015625,3187.556396484375,6561.654296875,-0.0002802653471007943,2285.24560546875,0.07110415399074554,-0.00031442605541087687,51407.39453125,2545.497314453125,0.10057253390550613,2.0326919184299186e-05,57.042724609375,0.0007928860140964389,0.0024868713226169348,14192.751953125,2385.794677734375,1773.0986328125,-0.00019209379388485104,68467688.0,873499904.0,435394976.0,453364160.0,147240432.0,1058491456.0,8371431.0,34293968.0,244228976.0,236990160.0,416456384.0,97589608.0,535860416.0,-0.6696816086769104,4874007.5,430958624.0,51102804.0,161133664.0,136910688.0,1039764224.0,-27.401762008666992,49357460.0,863517376.0,430321664.0,30158904.0,121392672.0,1016341248.0,8371432.5,23377558.0,244228560.0,236990160.0,33762736.0,72372704.0,535859840.0,-0.764820396900177,4592730.0,430958624.0,51102792.0,51382200.0,117318080.0,1029246464.0,-26.42264747619629,19110230.0,9982538.0,5073334.5,423205248.0,25847758.0,42150244.0,-1.43281090259552,10916410.0,411.7133483886719,-1.4992834329605103,382693664.0,25216904.0,583.5451049804688,0.095138780772686,281277.625,4.002208709716797,11.98430347442627,109751456.0,19592604.0,10517706.0,-0.9791128039360046,0.0,219323.453125,248571.46875,0.0,205577.6875,118959.2734375,0.0,0.0,0.0,0.0,0.0,254868.421875,215836.09375,0.0,0.0,0.0,0.0,0.0,437741.09375,536079.5,0.0,0.0,9938730.0,88332272.0,0.0,14562131.0,37574668.0,0.0,0.0,0.0,0.0,0.0,16563688.0,52136952.0,0.0,0.0,0.0,0.0,0.0,50120820.0,88840600.0,0.0,0.0,4.0,0.0,0.0,0.0,1.0,0.0,0.0,0.0,0.0,13680.951171875,0.0,0.0,13368.8623046875,0.0,0.0,2236958.25,0.0,0.0,2305896.25,0.0,0.0,671.982421875,0.0,0.0,610.5230712890625,0.0,0.0,22013.92578125,0.0,0.0,14352.93359375,0.0,0.0,13629.8515625,0.0,0.0,51.099769592285156,0.0,0.0,505069.625,0.0,0.0,1731888.625,0.0,0.0,0.04681847244501114,0.0,0.0,0.04367309808731079,0.0,0.0,163.50897216796875,0.0,0.0,172.48260498046875,0.0,0.0,0.00030040007550269365,0.0,0.0,155.85372924804688,0.0,0.0,2464042.75,0.0,0.0,2390357.5,0.0,0.0,358068832.0,0.0,0.0,365752928.0,0.0,0.0,63192.71875,0.0,0.0,84692.34375,0.0,0.0,3677706.5,0.0,0.0,2527235.5,0.0,0.0,2461223.75,0.0,0.0,2819.046630859375,0.0,0.0,25008766.0,0.0,0.0,333060064.0,0.0,0.0,0.0,8000.0,0.0,0.0,8286.6494140625,0.0,0.0,8000.0,0.0,0.0,0.0,0.0,0.0,0.0,0.0,0.0,0.0,0.0,0.0,86983.5859375,0.0,0.0,13067347.0,0.0,0.0,2386.29150390625,0.0,0.0,0.0,0.0,0.0,0.0,0.0,0.0,0.0,3990.802734375,1759.3843994140625,0.0,3950.029541015625,3980.734619140625,0.0,0.0,0.0,0.0,0.0,0.0,3999.98828125,1591.1278076171875,0.0,3777.7841796875,3999.96240234375,0.0,0.0,0.0,0.0,0.0,0.0,545929.0,248571.46875,0.0,898187.25,544270.5625,0.0,0.0,0.0,0.0,0.0,0.0,545342.875,247795.703125,0.0,951957.75,560799.9375,0.0,0.0,0.0,0.0,0.0,0.0,7.503032207489014,474.0521240234375,0.0,115.21118927001953,75.21607971191406,0.0,0.0,0.0,0.0,0.0,0.0,0.01163087971508503,606.1895141601562,0.0,4.284391403198242,0.03755065053701401,0.0,0.0,0.0,0.0,0.0,0.0,3998.3056640625,2233.4365234375,0.0,4065.24072265625,4055.95068359375,0.0,0.0,0.0,0.0,0.0,0.0,4000.0,2197.3173828125,0.0,3782.068603515625,4000.0,0.0,0.0,0.0,0.0,0.0,0.0,1195316.625,627125.5,0.0,483277.0625,158323.59375,0.0,0.0,0.0,0.0,0.0,0.0,2037.8780517578125,55342.20703125,0.0,2523.045654296875,3289.588623046875,0.0,0.0,0.0,0.0,0.0,0.0,166524944.0,88332272.0,0.0,81246640.0,21964958.0,0.0,0.0,0.0,0.0,0.0,0.0,1199996.5,592443.375,0.0,437933.34375,159984.328125,0.0,0.0,0.0,0.0,0.0,0.0,3.508322238922119,84490.65625,0.0,182.50172424316406,15.675369262695312,0.0,0.0,0.0,0.0,0.0,0.0,165601280.0,87729504.0,0.0,89959968.0,22462186.0,0.0,0.0,0.0,0.0,0.0,0.0,0.0018765528220683336,0.21225233376026154,0.0,0.02834055759012699,0.018544623628258705,0.0,0.0,0.0,0.0,0.0,0.0,2.9077198178129038e-06,0.27587708830833435,0.0,0.0011328168911859393,9.387662430526689e-06,0.0,0.0,0.0,0.0,0.0,0.0,136.79678344726562,141.283203125,0.0,227.38746643066406,136.7261505126953,0.0,0.0,0.0,0.0,0.0,0.0,136.33612060546875,155.7358856201172,0.0,251.98838806152344,140.20130920410156,0.0,0.0,0.0,0.0,0.0,0.0,0.0,0.0,8000.0,0.0,0.0,0.0,0.0,0.0,0.0,0.0,0.0,0.0,0.0,8000.0,0.0,0.0,0.0,0.0,0.0,0.0,0.0,0.0,0.0,0.0,0.0,0.0,0.0,0.0,0.0,0.0,0.0,0.0,0.0,0.0,0.0,0.0,0.0,0.0,0.0,0.0,0.0,0.0,0.0,0.0,0.0,0.0,1416000.0,0.0,0.0,0.0,0.0,0.0,0.0,0.0,0.0,0.0,0.0,1416000.0,0.0,0.0,0.0,0.0,0.0,0.0,0.0,0.0,0.0,0.0,0.0,0.0,0.0,0.0,0.0,0.0,0.0,0.0,0.0,0.0,0.0,0.0,0.0,0.0,0.0,0.0,0.0,0.0,0.0,0.0,229.33201599121094,199.79322814941406,353.73345947265625,144.2710723876953,245.75909423828125,0.0,0.0,0.0,0.0,0.0,0.0,0.0,0.0,0.0,0.0,0.0,0.0,0.0,0.0,0.0,0.0,0.0,202.99671936035156,29.125675201416016,308.2998046875,88.28732299804688,5915.19482421875,0.0,0.0,0.0,0.0,0.0,0.0,5733.837890625,3046.079833984375,0.0,7445.3037109375,5788.70361328125,0.0,266.96478271484375,189.94168090820312,251.65701293945312,329.12384033203125,282.2541809082031,248.07505798339844,260.22491455078125,327.79095458984375,188.5127716064453,250.98428344726562,0.0,270.73724365234375,196.0299072265625,254.15379333496094,321.0335693359375,282.0989074707031,251.09327697753906,266.4781188964844,319.65301513671875,194.49461364746094,253.0797576904297,0.0,269.1048583984375,193.52035522460938,253.3008575439453,324.46142578125,282.1523132324219,249.87606811523438,263.74591064453125,323.1081848144531,192.01760864257812,252.3781280517578,0.0,0.0,0.0,0.0,0.0,0.0,5.0,5.0,2.0,5.0,5.0,0.0,3.0,3.0,3.0,3.0,3.0,1.0,1.0,2.0,1.0,1.0,0.0,0.0,0.0,0.0,0.0,0.0,0.0,0.0,0.0,0.0,0.0,0.0,0.0,0.0,0.0,0.0,0.0,0.0,0.0,0.0,0.0,0.0,0.0,0.0,0.0,0.0,0.0,0.0,6.501821303572797e-09,0.0,0.0,0.0,0.0,0.0,0.0,0.0,0.0,0.0,0.0,0.0,0.0,0.0,0.0,0.0,0.0,0.0,0.0,0.0,0.0,0.0,9.408046963699235e-08,0.0,0.0,0.0,0.0,0.0,0.0,0.0,0.0,0.0,0.0,0.0,0.0,0.0,0.0,0.0,0.0,0.0,0.0,0.0,0.0,0.0,8.665592132750533e-10,0.0,0.0,0.0,0.0,0.0,0.0,0.0,0.0,0.0,0.0,0.0,0.0,0.0,0.0,0.0,0.0,0.0,0.0,0.0,0.0,0.0,0.0,0.0,0.0,0.0,0.0,0.0,0.0,0.0,0.0,0.0,0.0,0.0,0.0,0.0,0.0,0.0,0.0,0.0,0.0,0.0,0.0,0.0,0.0,0.0,25000.0,0.0,0.0,0.0,0.0,0.0,0.0,0.0,0.0,0.0,0.0,0.0,0.0,0.0,0.0,0.0,0.0,0.0,0.0,0.0,0.0,0.0,0.0,0.0,0.0,0.0,0.0,0.0,0.0,0.0,0.0,0.0,0.0,0.0,0.0,0.0,0.0,68.99000549316406,0.16142858564853668
2018-12-01,0.9144421815872192,11801.6552734375,11785.154296875,1682271.375,1718851.5,974.8245849609375,841.5151977539062,12776.4794921875,12626.6689453125,18307.978515625,11787.1826171875,14.473030090332031,1682271.375,141223.359375,1541048.0,81421.5,3564.248779296875,12069598.0,4.0,2.0,16576.0625,16000.0,16000.0,0.0,0.0,0.0,0.0,4245453.0,2828897.25,2753736.75,87940.3515625,107403.125,411767072.0,420235200.0,1768000.0,1768000.0,0.0,0.0,2825432.0,3465.206787109375,483613024.0,38538068.0,6381295104.0,0.07629837095737457,0.06664586067199707,142.54537963867188,145.848876953125,131.6693878173828,0.0005794692551717162,262.5033264160156,281.6150207519531,257.8734436035156,277.8941955566406,283.5652770996094,209.15850830078125,263.651611328125,281.74969482421875,284.78363037109375,273.1826171875,278.9228210449219,286.3708801269531,177.98448181152344,268.61578369140625,304.6052551269531,281.5791931152344,271.1817626953125,283.6653137207031,282.6695251464844,229.4029541015625,254.45054626464844,271.1481628417969,338171.0625,6140099.0,2988991.25,215031.78125,1049610.875,7469651.5,59311.40234375,159541.28125,1725615.75,1671942.375,231537.875,730911.875,3764751.0,-0.004737494979053736,31496.330078125,3056087.75,361316.5625,294564.125,995306.0625,7254129.0,-0.1634695827960968,-0.03490791842341423,0.04575224593281746,0.1410646140575409,0.05102389678359032,0.07276319712400436,0.04631514102220535,0.021153777837753296,-0.017339173704385757,0.03948628529906273,0.04041236266493797,0.009985344484448433,0.09844914823770523,0.08621241897344589,0.0,0.008432039991021156,0.006611313670873642,0.01939089223742485,0.01260925643146038,0.19146543741226196,0.09413569420576096,0.0,333626.4375,6136695.0,2987978.5,161540.625,1046264.625,7461953.0,59311.40234375,156665.875,1725615.125,1671942.375,181408.140625,728453.875,3764736.75,-0.004755144938826561,31392.333984375,3056087.75,361316.5625,280669.59375,993478.125,7249539.5,-0.16318346560001373,4544.619140625,3403.871337890625,1012.681396484375,53491.15234375,3346.239013671875,7698.64501953125,-0.00028725751326419413,2875.39404296875,0.6705052256584167,-0.0002910770708695054,50129.7265625,2457.98388671875,14.042757034301758,1.765010347298812e-05,103.99595642089844,0.0002311207790626213,0.002275502309203148,13894.533203125,1827.897705078125,4589.791015625,-0.00028611806919798255,71829664.0,865330560.0,428933568.0,450300672.0,144493936.0,1053831424.0,8352233.0,37304012.0,243001264.0,235444640.0,413082560.0,94254984.0,530182304.0,-0.6671844124794006,5152621.0,430358272.0,50880596.0,160947920.0,135213264.0,1022400768.0,-25.823829650878906,49477068.0,844075072.0,423945536.0,30008254.0,116005376.0,1003863872.0,8352234.5,23450968.0,242997264.0,235444640.0,33704104.0,67954640.0,530099968.0,-0.7516154646873474,4641650.5,430358272.0,50880584.0,51050468.0,121712704.0,994441856.0,-24.323368072509766,22352594.0,21255486.0,4988023.5,420292416.0,28488558.0,49967600.0,-1.5280213356018066,13853045.0,3996.8515625,-1.3890974521636963,379378464.0,26300340.0,82333.578125,0.08443105220794678,510970.46875,0.9185873866081238,10.949689865112305,109897448.0,13500556.0,27958866.0,-1.5004619359970093,0.0,197457.8125,239300.71875,0.0,117517.03125,130781.8828125,0.0,0.0,0.0,0.0,0.0,70737.71875,211879.796875,0.0,0.0,0.0,0.0,0.0,181755.265625,532840.0,0.0,0.0,16076499.0,95589640.0,0.0,18658578.0,41332896.0,0.0,0.0,0.0,0.0,0.0,19930512.0,58567260.0,0.0,0.0,0.0,0.0,0.0,56712332.0,104900360.0,0.0,0.0,4.0,0.0,0.0,0.0,2.0,0.0,0.0,0.0,0.0,11801.6552734375,0.0,0.0,11785.154296875,0.0,0.0,1682271.375,0.0,0.0,1718851.5,0.0,0.0,974.8245849609375,0.0,0.0,841.5151977539062,0.0,0.0,18307.978515625,0.0,0.0,12776.4794921875,0.0,0.0,11787.1826171875,0.0,0.0,14.473030090332031,0.0,0.0,141223.359375,0.0,0.0,1541048.0,0.0,0.0,0.07629837095737457,0.0,0.0,0.06664586067199707,0.0,0.0,142.54537963867188,0.0,0.0,145.848876953125,0.0,0.0,0.0005794692551717162,0.0,0.0,131.6693878173828,0.0,0.0,2828897.25,0.0,0.0,2753736.75,0.0,0.0,411767072.0,0.0,0.0,420235200.0,0.0,0.0,87940.3515625,0.0,0.0,107403.125,0.0,0.0,4245453.0,0.0,0.0,2916837.5,0.0,0.0,2825432.0,0.0,0.0,3465.206787109375,0.0,0.0,31322978.0,0.0,0.0,380444096.0,0.0,0.0,0.0,16000.0,0.0,0.0,16576.0625,0.0,0.0,16000.0,0.0,0.0,0.0,0.0,0.0,0.0,0.0,0.0,0.0,0.0,0.0,81421.5,0.0,0.0,12069598.0,0.0,0.0,3564.248779296875,0.0,0.0,0.0,0.0,0.0,0.0,0.0,0.0,0.0,3989.2626953125,1694.3677978515625,0.0,2138.59521484375,3979.4296875,0.0,0.0,0.0,0.0,0.0,0.0,3999.98828125,1565.2657470703125,0.0,2219.935302734375,3999.96484375,0.0,0.0,0.0,0.0,0.0,0.0,540919.75,239300.71875,0.0,370010.03125,532040.875,0.0,0.0,0.0,0.0,0.0,0.0,540130.0625,241281.734375,0.0,387707.53125,549732.1875,0.0,0.0,0.0,0.0,0.0,0.0,8.494024276733398,515.7545776367188,0.0,379.2598571777344,71.31607055664062,0.0,0.0,0.0,0.0,0.0,0.0,0.011796610429883003,604.899658203125,0.0,236.5684814453125,0.03527187928557396,0.0,0.0,0.0,0.0,0.0,0.0,3997.756591796875,2210.122314453125,0.0,2517.85498046875,4050.745849609375,0.0,0.0,0.0,0.0,0.0,0.0,4000.0,2170.16552734375,0.0,2456.503662109375,4000.0,0.0,0.0,0.0,0.0,0.0,0.0,1314955.875,678602.0625,0.0,557744.8125,277594.5,0.0,0.0,0.0,0.0,0.0,0.0,2277.407470703125,70201.359375,0.0,10010.0107421875,5451.57763671875,0.0,0.0,0.0,0.0,0.0,0.0,182816704.0,95589640.0,0.0,95301424.0,38059304.0,0.0,0.0,0.0,0.0,0.0,0.0,1319996.125,639461.4375,0.0,514295.84375,279983.25,0.0,0.0,0.0,0.0,0.0,0.0,3.8610053062438965,102614.1328125,0.0,4768.37939453125,16.74684715270996,0.0,0.0,0.0,0.0,0.0,0.0,181850480.0,95015208.0,0.0,104334936.0,39034572.0,0.0,0.0,0.0,0.0,0.0,0.0,0.002124697668477893,0.2333602011203766,0.0,0.15062816441059113,0.01760566420853138,0.0,0.0,0.0,0.0,0.0,0.0,2.949152531073196e-06,0.27873432636260986,0.0,0.09630291163921356,8.817969501251355e-06,0.0,0.0,0.0,0.0,0.0,0.0,135.5939178466797,141.23304748535156,0.0,173.0154571533203,133.69776916503906,0.0,0.0,0.0,0.0,0.0,0.0,135.0329132080078,154.1474609375,0.0,174.6481170654297,137.4342498779297,0.0,0.0,0.0,0.0,0.0,0.0,0.0,0.0,8000.0,0.0,0.0,8000.0,0.0,0.0,0.0,0.0,0.0,0.0,0.0,8000.0,0.0,0.0,8000.0,0.0,0.0,0.0,0.0,0.0,0.0,0.0,0.0,0.0,0.0,0.0,0.0,0.0,0.0,0.0,0.0,0.0,0.0,0.0,0.0,0.0,0.0,0.0,0.0,0.0,0.0,0.0,0.0,0.0,1656000.0,0.0,0.0,112000.0,0.0,0.0,0.0,0.0,0.0,0.0,0.0,1656000.0,0.0,0.0,112000.0,0.0,0.0,0.0,0.0,0.0,0.0,0.0,0.0,0.0,0.0,0.0,0.0,0.0,0.0,0.0,0.0,0.0,0.0,0.0,0.0,0.0,0.0,0.0,0.0,0.0,0.0,0.0,225.45547485351562,198.32188415527344,351.9593811035156,166.1914825439453,240.45889282226562,354.2917175292969,0.0,0.0,0.0,0.0,0.0,0.0,0.0,0.0,0.0,0.0,0.0,0.0,0.0,0.0,0.0,0.0,193.23350524902344,27.407012939453125,308.33154296875,66.40982055664062,5590.52685546875,155.8027801513672,0.0,0.0,0.0,0.0,0.0,5724.634765625,3001.67431640625,0.0,3828.75048828125,5752.9189453125,0.0,267.021240234375,202.76893615722656,246.51504516601562,327.3531188964844,305.3465270996094,245.26795959472656,260.1670227050781,326.0197448730469,200.76361083984375,245.8477020263672,302.94482421875,270.7896728515625,206.3918914794922,249.29763793945312,319.3023986816406,296.77508544921875,248.4236602783203,266.43212890625,317.9211120605469,204.24156188964844,248.21482849121094,294.51080322265625,269.1531677246094,204.94046020507812,248.34259033203125,322.7203063964844,300.4273986816406,247.1497344970703,263.691650390625,321.3665466308594,202.8379364013672,247.41696166992188,298.11492919921875,0.0,0.0,0.0,0.0,0.0,5.0,5.0,2.0,5.0,5.0,2.0,3.0,3.0,3.0,3.0,3.0,1.0,1.0,2.0,1.0,1.0,2.0,0.0,0.0,0.0,0.0,0.0,0.0,0.0,0.0,0.0,0.0,0.0,0.0,0.0,0.0,0.0,0.0,0.0,0.0,0.0,0.0,0.0,0.0,0.0,0.0,0.0,0.0,0.0,1.808048040174981e-07,0.0,0.0,0.0,0.0,0.0,0.0,0.0,0.0,0.0,0.0,0.0,0.0,0.0,0.0,0.0,0.0,0.0,0.0,0.0,0.0,0.0,2.0029297047585715e-06,0.0,0.0,0.0,0.0,0.0,0.0,0.0,0.0,0.0,0.0,0.0,0.0,0.0,0.0,0.0,0.0,0.0,0.0,0.0,0.0,0.0,2.128611775731315e-08,0.0,0.0,0.0,0.0,0.0,0.0,0.0,0.0,0.0,0.0,0.0,0.0,0.0,0.0,0.0,0.0,0.0,0.0,0.0,0.0,0.0,0.0,0.0,0.0,0.0,0.0,0.0,0.0,0.0,0.0,0.0,0.0,0.0,0.0,0.0,0.0,0.0,0.0,0.0,0.0,0.0,0.0,0.0,0.0,0.0,25000.0,0.0,0.0,0.0,0.0,0.0,0.0,0.0,0.0,0.0,0.0,0.0,0.0,0.0,0.0,0.0,0.0,0.0,0.0,0.0,0.0,0.0,0.0,0.0,0.0,0.0,0.0,0.0,0.0,0.0,0.0,0.0,0.0,0.0,0.0,0.0,0.0,76.86000061035156,0.1980000138282776
2019-01-01,0.9993155598640442,11503.1787109375,11598.189453125,1597481.625,1603711.75,1282.294921875,1201.27001953125,12785.4736328125,12799.4599609375,18015.82421875,11493.0263671875,10.15188217163086,1597481.625,94832.9296875,1502648.75,76633.0625,4462.2373046875,11622210.0,4.0,2.0,16576.671875,16000.0,16000.0,0.0,0.0,0.0,0.0,4804508.5,3188220.75,3114068.0,123412.7578125,141274.78125,461957856.0,470739168.0,2264000.0,2264000.0,0.0,0.0,3184418.75,3801.99853515625,484073568.0,38178728.0,6331096576.0,0.1002931073307991,0.0938531756401062,138.87306213378906,138.2725830078125,124.94505310058594,0.0008026977302506566,261.6785888671875,281.79888916015625,256.91558837890625,279.1620178222656,283.32452392578125,204.8756866455078,261.18878173828125,279.2505187988281,285.02093505859375,276.50286865234375,281.1676025390625,286.1985168457031,174.93426513671875,266.5500793457031,302.5038757324219,284.3998718261719,272.75433349609375,285.7718200683594,282.62750244140625,237.15533447265625,251.50196838378906,270.4087829589844,338933.90625,6079877.5,2945791.5,214381.59375,1047150.3125,7430484.5,59180.0546875,159734.859375,1714517.875,1663344.5,231240.25,729723.1875,3723383.75,-0.0049690199084579945,31497.048828125,3051163.75,361569.125,295132.40625,978909.5625,7122714.0,-0.14037150144577026,-0.03724245727062225,0.05511140078306198,0.1534787267446518,0.053893279284238815,0.07493684440851212,0.05131575092673302,0.023321501910686493,-0.018573621287941933,0.04566362872719765,0.04534701630473137,0.011257939040660858,0.09991534054279327,0.0962531641125679,0.0,0.008409443311393261,0.008211906999349594,0.018705440685153008,0.010704326443374157,0.2047850638628006,0.11054622381925583,0.0,333973.375,6075295.5,2944829.0,161244.296875,1043770.9375,7421479.0,59180.0546875,156571.328125,1714516.75,1663344.5,181469.0,727306.25,3723237.25,-0.004985692445188761,31395.728515625,3051163.75,361569.125,281242.90625,977459.4375,7116080.5,-0.14002874493598938,4960.5234375,4582.07080078125,962.598388671875,53137.296875,3379.39501953125,9005.4453125,0.00010972313612001017,3163.537109375,1.0969880819320679,-0.0003874872927553952,49771.25,2416.921142578125,146.45004272460938,1.667244578129612e-05,101.32073974609375,0.0016652470221742988,4.509726568358019e-05,13889.5087890625,1450.146240234375,6633.5517578125,-0.0003427554911468178,74002632.0,857348992.0,422820096.0,448671872.0,142677488.0,1048622720.0,8333736.5,38677836.0,241438512.0,234234016.0,411104320.0,93112952.0,524450944.0,-0.6997779011726379,5152396.5,429664864.0,50916164.0,161070112.0,134019784.0,1004777344.0,-22.619752883911133,49627784.0,828157632.0,418089184.0,29923780.0,113130104.0,989264064.0,8333736.0,23464030.0,241431824.0,234234016.0,33687180.0,66620704.0,523591744.0,-0.7807824015617371,4664963.5,429664832.0,50916164.0,51146564.0,123950104.0,963477952.0,-20.812583923339844,24374846.0,29191384.0,4730932.5,418748096.0,29547382.0,59358660.0,0.4836369752883911,15213804.0,6686.3564453125,-1.832926630973816,377417120.0,26492250.0,859227.875,0.08100450783967972,487433.28125,9.034002304077148,0.2262413650751114,109923544.0,10069682.0,41299376.0,-1.80716872215271,0.0,186409.515625,236689.9375,0.0,96918.921875,143613.921875,0.0,0.0,0.0,0.0,0.0,28323.919921875,207909.78125,0.0,0.0,0.0,0.0,0.0,174331.40625,523282.65625,0.0,0.0,21986942.0,102958536.0,0.0,21827146.0,45618292.0,0.0,0.0,0.0,0.0,0.0,21112412.0,65053224.0,0.0,0.0,0.0,0.0,0.0,62134844.0,121267432.0,0.0,0.0,4.0,0.0,0.0,0.0,2.0,0.0,0.0,0.0,0.0,11503.1787109375,0.0,0.0,11598.189453125,0.0,0.0,1597481.625,0.0,0.0,1603711.75,0.0,0.0,1282.294921875,0.0,0.0,1201.27001953125,0.0,0.0,18015.82421875,0.0,0.0,12785.4736328125,0.0,0.0,11493.0263671875,0.0,0.0,10.15188217163086,0.0,0.0,94832.9296875,0.0,0.0,1502648.75,0.0,0.0,0.1002931073307991,0.0,0.0,0.0938531756401062,0.0,0.0,138.87306213378906,0.0,0.0,138.2725830078125,0.0,0.0,0.0008026977302506566,0.0,0.0,124.94505310058594,0.0,0.0,3188220.75,0.0,0.0,3114068.0,0.0,0.0,461957856.0,0.0,0.0,470739168.0,0.0,0.0,123412.7578125,0.0,0.0,141274.78125,0.0,0.0,4804508.5,0.0,0.0,3311633.5,0.0,0.0,3184418.75,0.0,0.0,3801.99853515625,0.0,0.0,34524700.0,0.0,0.0,427433152.0,0.0,0.0,0.0,16000.0,0.0,0.0,16576.671875,0.0,0.0,16000.0,0.0,0.0,0.0,0.0,0.0,0.0,0.0,0.0,0.0,0.0,0.0,76633.0625,0.0,0.0,11622210.0,0.0,0.0,4462.2373046875,0.0,0.0,0.0,0.0,0.0,0.0,0.0,0.0,0.0,3982.06396484375,1666.0771484375,0.0,1885.97802734375,3969.0595703125,0.0,0.0,0.0,0.0,0.0,0.0,3999.988037109375,1590.9739990234375,0.0,2007.261962890625,3999.9658203125,0.0,0.0,0.0,0.0,0.0,0.0,538585.25,236689.9375,0.0,299574.25,522632.25,0.0,0.0,0.0,0.0,0.0,0.0,537098.625,240821.9375,0.0,283031.125,542760.0625,0.0,0.0,0.0,0.0,0.0,0.0,13.432821273803711,579.6417236328125,0.0,599.8834228515625,89.33686065673828,0.0,0.0,0.0,0.0,0.0,0.0,0.01197190023958683,617.8521728515625,0.0,583.3717041015625,0.03413037955760956,0.0,0.0,0.0,0.0,0.0,0.0,3995.49658203125,2245.718994140625,0.0,2485.861572265625,4058.396484375,0.0,0.0,0.0,0.0,0.0,0.0,4000.0,2208.826171875,0.0,2590.633544921875,4000.0,0.0,0.0,0.0,0.0,0.0,0.0,1438523.875,730584.4375,0.0,618311.9375,400800.4375,0.0,0.0,0.0,0.0,0.0,0.0,2600.100830078125,87265.6875,0.0,25667.791015625,7879.1767578125,0.0,0.0,0.0,0.0,0.0,0.0,199539600.0,102958536.0,0.0,105074400.0,54385328.0,0.0,0.0,0.0,0.0,0.0,0.0,1443995.75,688441.5,0.0,577648.5,403982.1875,0.0,0.0,0.0,0.0,0.0,0.0,4.230969429016113,121629.0546875,0.0,19623.693359375,17.803497314453125,0.0,0.0,0.0,0.0,0.0,0.0,198536336.0,102456912.0,0.0,113820216.0,55925700.0,0.0,0.0,0.0,0.0,0.0,0.0,0.0033619902096688747,0.2581096589565277,0.0,0.24131813645362854,0.022012846544384956,0.0,0.0,0.0,0.0,0.0,0.0,2.9929751690360717e-06,0.27971968054771423,0.0,0.22518493235111237,8.532594620191958e-06,0.0,0.0,0.0,0.0,0.0,0.0,135.25277709960938,142.064208984375,0.0,158.84291076660156,131.6765899658203,0.0,0.0,0.0,0.0,0.0,0.0,134.27505493164062,151.36761474609375,0.0,141.0035858154297,135.69117736816406,0.0,0.0,0.0,0.0,0.0,0.0,0.0,0.0,8000.0,0.0,0.0,8000.0,0.0,0.0,0.0,0.0,0.0,0.0,0.0,8000.0,0.0,0.0,8000.0,0.0,0.0,0.0,0.0,0.0,0.0,0.0,0.0,0.0,0.0,0.0,0.0,0.0,0.0,0.0,0.0,0.0,0.0,0.0,0.0,0.0,0.0,0.0,0.0,0.0,0.0,0.0,0.0,0.0,1904000.0,0.0,0.0,360000.0,0.0,0.0,0.0,0.0,0.0,0.0,0.0,1904000.0,0.0,0.0,360000.0,0.0,0.0,0.0,0.0,0.0,0.0,0.0,0.0,0.0,0.0,0.0,0.0,0.0,0.0,0.0,0.0,0.0,0.0,0.0,0.0,0.0,0.0,0.0,0.0,0.0,0.0,0.0,220.9188232421875,197.32028198242188,350.9699401855469,169.44735717773438,236.8052978515625,357.4893493652344,0.0,0.0,0.0,0.0,0.0,0.0,0.0,0.0,0.0,0.0,0.0,0.0,0.0,0.0,0.0,0.0,179.24899291992188,25.84642791748047,308.3492431640625,58.647857666015625,5332.5654296875,155.77391052246094,0.0,0.0,0.0,0.0,0.0,5716.7900390625,3036.3779296875,0.0,3528.96337890625,5733.69384765625,0.0,268.9728698730469,209.04705810546875,242.9946746826172,326.36566162109375,308.533935546875,242.4918212890625,261.80413818359375,325.0319519042969,206.8143310546875,242.3274383544922,306.1329345703125,272.8466491699219,212.4513397216797,246.24713134765625,318.4261474609375,299.9560852050781,245.8766632080078,268.2426452636719,317.0439758300781,210.05657958984375,245.1368408203125,297.6927185058594,271.1597900390625,211.10093688964844,245.13568115234375,321.8113708496094,303.611572265625,244.5060272216797,265.4226989746094,320.4572448730469,208.7607879638672,244.19459533691406,301.2998962402344,0.0,0.0,0.0,0.0,0.0,5.0,5.0,2.0,5.0,5.0,2.0,3.0,3.0,3.0,3.0,3.0,1.0,1.0,2.0,1.0,1.0,2.0,0.0,0.0,0.0,0.0,0.0,0.0,0.0,0.0,0.0,0.0,0.0,0.0,0.0,0.0,0.0,0.0,0.0,0.0,0.0,0.0,0.0,0.0,0.0,0.0,0.0,0.0,0.0,8.401463674090337e-06,0.0,0.0,0.0,0.0,0.0,0.0,0.0,0.0,0.0,0.0,0.0,0.0,0.0,0.0,0.0,0.0,0.0,0.0,0.0,0.0,0.0,8.219211304094642e-05,0.0,0.0,0.0,0.0,0.0,0.0,0.0,0.0,0.0,0.0,0.0,0.0,0.0,0.0,0.0,0.0,0.0,0.0,0.0,0.0,0.0,6.254430218177731e-07,0.0,0.0,0.0,0.0,0.0,0.0,0.0,0.0,0.0,0.0,0.0,0.0,0.0,0.0,0.0,0.0,0.0,0.0,0.0,0.0,0.0,0.0,0.0,0.0,0.0,0.0,0.0,0.0,0.0,0.0,0.0,0.0,0.0,0.0,0.0,0.0,0.0,0.0,0.0,0.0,0.0,0.0,0.0,0.0,0.0,25000.0,0.0,0.0,0.0,0.0,0.0,0.0,0.0,0.0,0.0,0.0,0.0,0.0,0.0,25000.0,0.0,0.0,0.0,0.0,0.0,0.0,0.0,0.0,0.0,0.0,0.0,0.0,0.0,0.0,0.0,0.0,0.0,0.0,0.0,0.0,0.0,0.0,83.34000396728516,0.1900000125169754
2019-02-01,1.0841889381408691,11233.1552734375,11492.39453125,1553344.75,1581093.875,1627.3944091796875,1323.760498046875,12860.5498046875,12816.1552734375,17962.677734375,11223.0595703125,10.095160484313965,1553344.75,92079.109375,1461265.75,71155.125,5493.97705078125,11087298.0,4.0,2.0,16576.955078125,16000.0,16000.0,0.0,0.0,0.0,0.0,5361321.0,3538727.75,3470332.25,170763.859375,182311.359375,510418240.0,519753088.0,2760000.0,2760000.0,0.0,0.0,3534620.0,4107.705078125,484522208.0,37828228.0,6282635776.0,0.1265415996313095,0.103288434445858,138.2821502685547,137.57740783691406,120.78370666503906,0.0010476710740476847,260.883544921875,282.2776184082031,256.0692138671875,279.7067565917969,283.6369323730469,201.68060302734375,258.66552734375,277.7557678222656,285.47503662109375,277.9508056640625,282.1558837890625,286.4943542480469,173.35240173339844,265.15362548828125,301.3612365722656,285.5855407714844,273.7545471191406,286.6856994628906,282.8770446777344,240.0497283935547,249.78761291503906,270.35797119140625,339429.5,6020962.5,2904691.75,214039.40625,1046149.5625,7388107.0,59059.4453125,159798.59375,1702881.5,1655500.0,231037.609375,729354.8125,3681409.5,-0.0049298834055662155,31452.255859375,3046661.0,362324.59375,295825.84375,963221.0,6996323.5,-0.13790744543075562,-0.038759127259254456,0.06426751613616943,0.16528944671154022,0.05540340393781662,0.0758209079504013,0.05672631785273552,0.025311952456831932,-0.018979985266923904,0.052140649408102036,0.049849219620227814,0.012124348431825638,0.10036968439817429,0.10644122213125229,0.0,0.00981961004436016,0.009675542823970318,0.01665511168539524,0.00837991014122963,0.21752963960170746,0.12632936239242554,0.0,334169.03125,6015663.5,2903781.5,160803.140625,1042782.8125,7377792.5,59059.4453125,156513.4375,1702880.25,1655500.0,181256.203125,726962.4375,3680966.25,-0.0049454993568360806,31354.44921875,3046661.0,362324.59375,281896.875,961857.3125,6988577.0,-0.13756023347377777,5260.47705078125,5299.16650390625,910.3224487304688,53236.2734375,3366.795166015625,10314.3701171875,-1.6154617696884088e-05,3285.146728515625,1.2972925901412964,-0.00042313680751249194,49781.4140625,2392.363037109375,443.2425537109375,1.561632780067157e-05,97.80692291259766,0.0002741264761425555,0.00022712493955623358,13928.966796875,1363.7322998046875,7746.1630859375,-0.00034721888368949294,75478248.0,849590016.0,416974048.0,447780320.0,141175936.0,1042987584.0,8316752.5,39243304.0,239799952.0,233129408.0,409897280.0,92488832.0,518682720.0,-0.6942670345306396,5133399.0,429030784.0,51022552.0,161223936.0,132705512.0,987974976.0,-22.280006408691406,49721028.0,815352128.0,412500736.0,29876570.0,111111184.0,973629824.0,8316752.5,23499712.0,239791968.0,233129408.0,33693420.0,65967680.0,516067136.0,-0.770759642124176,4666900.5,429030784.0,51022552.0,51322096.0,123434672.0,939137600.0,-20.449623107910156,25757216.0,34237928.0,4473300.5,417903744.0,30064754.0,69357816.0,-0.14428481459617615,15743594.0,7992.2080078125,-1.989789366722107,376203840.0,26521152.0,2615592.75,0.07649259269237518,466498.25,1.7471034526824951,1.0873353481292725,109901840.0,9270841.0,48837392.0,-1.8303824663162231,0.0,182608.625,233024.921875,0.0,89777.1875,157076.859375,0.0,0.0,0.0,0.0,0.0,21496.06640625,210107.578125,0.0,0.0,0.0,0.0,0.0,163455.625,495794.96875,0.0,0.0,27672264.0,110226496.0,0.0,24649038.0,50366448.0,0.0,0.0,0.0,0.0,0.0,21779252.0,71536232.0,0.0,0.0,0.0,0.0,0.0,67292240.0,136897152.0,0.0,0.0,4.0,0.0,0.0,0.0,2.0,0.0,0.0,0.0,0.0,11233.1552734375,0.0,0.0,11492.39453125,0.0,0.0,1553344.75,0.0,0.0,1581093.875,0.0,0.0,1627.3944091796875,0.0,0.0,1323.760498046875,0.0,0.0,17962.677734375,0.0,0.0,12860.5498046875,0.0,0.0,11223.0595703125,0.0,0.0,10.095160484313965,0.0,0.0,92079.109375,0.0,0.0,1461265.75,0.0,0.0,0.1265415996313095,0.0,0.0,0.103288434445858,0.0,0.0,138.2821502685547,0.0,0.0,137.57740783691406,0.0,0.0,0.0010476710740476847,0.0,0.0,120.78370666503906,0.0,0.0,3538727.75,0.0,0.0,3470332.25,0.0,0.0,510418240.0,0.0,0.0,519753088.0,0.0,0.0,170763.859375,0.0,0.0,182311.359375,0.0,0.0,5361321.0,0.0,0.0,3709491.5,0.0,0.0,3534620.0,0.0,0.0,4107.705078125,0.0,0.0,37325536.0,0.0,0.0,473092704.0,0.0,0.0,0.0,16000.0,0.0,0.0,16576.955078125,0.0,0.0,16000.0,0.0,0.0,0.0,0.0,0.0,0.0,0.0,0.0,0.0,0.0,0.0,71155.125,0.0,0.0,11087298.0,0.0,0.0,5493.97705078125,0.0,0.0,0.0,0.0,0.0,0.0,0.0,0.0,0.0,3953.297119140625,1636.88720703125,0.0,1728.121337890625,3914.849365234375,0.0,0.0,0.0,0.0,0.0,0.0,3999.988037109375,1597.9730224609375,0.0,1894.48681640625,3999.946533203125,0.0,0.0,0.0,0.0,0.0,0.0,533836.8125,233024.921875,0.0,274728.875,511754.21875,0.0,0.0,0.0,0.0,0.0,0.0,535818.625,242629.46875,0.0,262325.21875,540320.5625,0.0,0.0,0.0,0.0,0.0,0.0,51.84476089477539,638.4827880859375,0.0,769.3284301757812,167.7384490966797,0.0,0.0,0.0,0.0,0.0,0.0,0.012013290077447891,624.0549926757812,0.0,699.6401977539062,0.05334855988621712,0.0,0.0,0.0,0.0,0.0,0.0,4005.141845703125,2275.369873046875,0.0,2497.44970703125,4082.587890625,0.0,0.0,0.0,0.0,0.0,0.0,4000.0,2222.028076171875,0.0,2594.126953125,4000.0,0.0,0.0,0.0,0.0,0.0,0.0,1561368.875,781667.6875,0.0,673028.375,522662.75,0.0,0.0,0.0,0.0,0.0,0.0,3805.794921875,106597.3671875,0.0,48053.4609375,12307.234375,0.0,0.0,0.0,0.0,0.0,0.0,216126960.0,110226496.0,0.0,113720528.0,70344248.0,0.0,0.0,0.0,0.0,0.0,0.0,1567995.375,737978.625,0.0,636377.625,527980.5625,0.0,0.0,0.0,0.0,0.0,0.0,4.603381156921387,140974.765625,0.0,41312.5390625,19.457304000854492,0.0,0.0,0.0,0.0,0.0,0.0,215146720.0,109978424.0,0.0,121952296.0,72675640.0,0.0,0.0,0.0,0.0,0.0,0.0,0.01294455025345087,0.28060615062713623,0.0,0.3080456256866455,0.04108630120754242,0.0,0.0,0.0,0.0,0.0,0.0,3.0033224902581424e-06,0.28084927797317505,0.0,0.26970160007476807,1.3337139534996822e-05,0.0,0.0,0.0,0.0,0.0,0.0,135.0358428955078,142.3585662841797,0.0,158.9754638671875,130.72129821777344,0.0,0.0,0.0,0.0,0.0,0.0,133.95506286621094,151.8357696533203,0.0,138.4676971435547,135.08193969726562,0.0,0.0,0.0,0.0,0.0,0.0,0.0,0.0,8000.0,0.0,0.0,8000.0,0.0,0.0,0.0,0.0,0.0,0.0,0.0,8000.0,0.0,0.0,8000.0,0.0,0.0,0.0,0.0,0.0,0.0,0.0,0.0,0.0,0.0,0.0,0.0,0.0,0.0,0.0,0.0,0.0,0.0,0.0,0.0,0.0,0.0,0.0,0.0,0.0,0.0,0.0,0.0,0.0,2152000.0,0.0,0.0,608000.0,0.0,0.0,0.0,0.0,0.0,0.0,0.0,2152000.0,0.0,0.0,608000.0,0.0,0.0,0.0,0.0,0.0,0.0,0.0,0.0,0.0,0.0,0.0,0.0,0.0,0.0,0.0,0.0,0.0,0.0,0.0,0.0,0.0,0.0,0.0,0.0,0.0,0.0,0.0,215.71632385253906,195.30052185058594,350.5140380859375,169.10250854492188,234.3775634765625,359.0468444824219,0.0,0.0,0.0,0.0,0.0,0.0,0.0,0.0,0.0,0.0,0.0,0.0,0.0,0.0,0.0,0.0,160.80563354492188,24.387300491333008,308.357421875,53.680633544921875,5125.65673828125,155.75985717773438,0.0,0.0,0.0,0.0,0.0,5713.490234375,3058.248046875,0.0,3463.78125,5727.15771484375,0.0,269.7799377441406,210.86419677734375,240.74530029296875,325.910888671875,310.0863342285156,240.19296264648438,262.4441833496094,324.57684326171875,208.55935668945312,240.0738525390625,307.685791015625,273.7389831542969,214.354736328125,244.3110809326172,318.0332946777344,301.5060729980469,243.73670959472656,269.0239562988281,316.6505126953125,211.88217163085938,243.17715454101562,299.24322509765625,272.0125732421875,212.95765686035156,243.09152221679688,321.3995056152344,305.1625671386719,242.29751586914062,266.1381530761719,320.04510498046875,210.54208374023438,242.1349334716797,302.8513488769531,0.0,0.0,0.0,0.0,0.0,5.0,5.0,2.0,5.0,5.0,2.0,3.0,3.0,3.0,3.0,3.0,1.0,1.0,2.0,1.0,1.0,2.0,0.0,0.0,0.0,0.0,0.0,0.0,0.0,0.0,0.0,0.0,0.0,0.0,0.0,0.0,0.0,0.0,0.0,0.0,0.0,0.0,0.0,0.0,0.0,0.0,0.0,0.0,0.0,0.0003919896553270519,0.0,0.0,0.0,0.0,0.0,0.0,0.0,0.0,0.0,0.0,0.0,2.4038062161054322e-17,0.0,1.242683836861797e-15,0.0,0.0,0.0,0.0,0.0,0.0,0.0,0.0077721355482935905,4.2230746515137296e-20,0.0,0.0,0.0,0.0,0.0,0.0,0.0,0.0,0.0,0.0,4.450905086728356e-16,0.0,2.301052923236232e-14,0.0,0.0,0.0,0.0,0.0,0.0,0.0,7.560834092146251e-06,0.0,0.0,0.0,0.0,0.0,0.0,0.0,0.0,0.0,0.0,0.0,3.764872491474185e-20,0.0,1.6152837654029784e-18,0.0,0.0,0.0,0.0,0.0,0.0,0.0,0.0,0.0,0.0,0.0,0.0,0.0,0.0,0.0,0.0,0.0,0.0,0.0,0.0,0.0,0.0,0.0,0.0,0.0,0.0,0.0,0.0,0.0,0.0,0.0,25000.0,0.0,0.0,0.0,0.0,0.0,0.0,0.0,0.0,0.0,0.0,0.0,0.0,0.0,25000.0,0.0,0.0,0.0,0.0,0.0,0.0,0.0,0.0,0.0,0.0,0.0,0.0,0.0,0.0,0.0,0.0,0.0,0.0,0.0,0.0,0.0,0.0,87.7300033569336,0.11557529121637344
2019-03-01,1.1608487367630005,10853.4150390625,11137.5546875,1502262.125,1530245.5,2023.47412109375,1688.176025390625,12876.8896484375,12825.73046875,17838.0625,10842.41015625,11.00547981262207,1502262.125,96092.0625,1406170.125,67490.8828125,6714.83154296875,10839031.0,4.0,2.0,16577.603515625,16000.0,16000.0,0.0,0.0,0.0,0.0,5861378.5,3846543.0,3783950.25,222867.234375,227804.515625,552968832.0,562835648.0,3208000.0,3208000.0,0.0,0.0,3842139.75,4403.21923828125,484918112.0,37520440.0,6240080896.0,0.15713998675346375,0.13162416219711304,138.4137725830078,137.3950958251953,116.66343688964844,0.001346951350569725,260.2342529296875,282.7209777832031,255.49734497070312,280.03363037109375,284.0024108886719,199.32537841796875,256.4028015136719,276.9213562011719,285.8990783691406,278.7923889160156,282.7563781738281,286.8337707519531,172.34397888183594,263.7886047363281,300.7554626464844,286.339599609375,274.363525390625,287.2763977050781,283.1380615234375,241.595458984375,248.88050842285156,270.4417419433594,339814.15625,5968684.5,2868542.75,213803.34375,1045937.125,7348853.5,58956.2734375,159819.75,1692101.125,1648642.0,230881.9375,729224.25,3642359.75,-0.004992700647562742,31372.46875,3042793.25,363194.28125,296498.75,950901.8125,6888059.0,-0.14197705686092377,-0.03993627801537514,0.07239215075969696,0.17567746341228485,0.056445226073265076,0.07600861042737961,0.06173795461654663,0.027014708146452904,-0.019114969298243523,0.05814126133918762,0.0537852868437767,0.012789970263838768,0.10053076595067978,0.11591946333646774,0.0,0.012331457808613777,0.010932792909443378,0.014294776134192944,0.006124268751591444,0.227537140250206,0.1398489624261856,0.0,334311.09375,5962939.0,2867672.5,160411.84375,1042599.4375,7337448.0,58956.26953125,156469.703125,1692099.75,1648642.0,181013.9375,726850.1875,3641536.75,-0.005008039530366659,31278.279296875,3042793.25,363194.28125,282528.75,949557.875,6879737.0,-0.14164164662361145,5503.068359375,5745.56591796875,870.2479248046875,53391.49609375,3337.64794921875,11405.8046875,5.498698737937957e-05,3350.04736328125,1.3525923490524292,-0.00043989502592012286,49868.00390625,2374.05615234375,823.015625,1.533916474727448e-05,94.18958282470703,0.0001291259250137955,3.300186654087156e-05,13970.0009765625,1343.9185791015625,8322.0244140625,-0.0003354156215209514,76641112.0,842705664.0,411830240.0,447084864.0,139981872.0,1037686272.0,8302223.5,39530160.0,238281936.0,232163680.0,409088128.0,92073696.0,513249824.0,-0.7031122446060181,5107588.0,428486112.0,51145024.0,161374048.0,131682984.0,973665344.0,-22.836442947387695,49787340.0,805241408.0,407550944.0,29845474.0,109690024.0,959497920.0,8302223.0,23531008.0,238273584.0,232163680.0,33701248.0,65562704.0,508353408.0,-0.7785641551017761,4660786.0,428486112.0,51145024.0,51496492.0,122647704.0,920837760.0,-21.07064437866211,26853772.0,37464240.0,4279304.5,417239392.0,30291846.0,78188392.0,0.22527442872524261,15999151.0,8355.9111328125,-2.0610477924346924,375386880.0,26510988.0,4896407.5,0.07545192539691925,446802.21875,1.0781500339508057,0.17157605290412903,109877552.0,9035280.0,52827604.0,-1.7657992839813232,0.0,177331.171875,229988.296875,0.0,83543.140625,164455.03125,0.0,0.0,0.0,0.0,0.0,16144.4541015625,219022.25,0.0,0.0,0.0,0.0,0.0,152410.265625,459361.78125,0.0,0.0,32668960.0,116711896.0,0.0,27037842.0,54887204.0,0.0,0.0,0.0,0.0,0.0,22233108.0,77597376.0,0.0,0.0,0.0,0.0,0.0,71667520.0,150165712.0,0.0,0.0,4.0,0.0,0.0,0.0,2.0,0.0,0.0,0.0,0.0,10853.4150390625,0.0,0.0,11137.5546875,0.0,0.0,1502262.125,0.0,0.0,1530245.5,0.0,0.0,2023.47412109375,0.0,0.0,1688.176025390625,0.0,0.0,17838.0625,0.0,0.0,12876.8896484375,0.0,0.0,10842.41015625,0.0,0.0,11.00547981262207,0.0,0.0,96092.0625,0.0,0.0,1406170.125,0.0,0.0,0.15713998675346375,0.0,0.0,0.13162416219711304,0.0,0.0,138.4137725830078,0.0,0.0,137.3950958251953,0.0,0.0,0.001346951350569725,0.0,0.0,116.66343688964844,0.0,0.0,3846543.0,0.0,0.0,3783950.25,0.0,0.0,552968832.0,0.0,0.0,562835648.0,0.0,0.0,222867.234375,0.0,0.0,227804.515625,0.0,0.0,5861378.5,0.0,0.0,4069410.25,0.0,0.0,3842139.75,0.0,0.0,4403.21923828125,0.0,0.0,39924972.0,0.0,0.0,513043872.0,0.0,0.0,0.0,16000.0,0.0,0.0,16577.603515625,0.0,0.0,16000.0,0.0,0.0,0.0,0.0,0.0,0.0,0.0,0.0,0.0,0.0,0.0,67490.8828125,0.0,0.0,10839031.0,0.0,0.0,6714.83154296875,0.0,0.0,0.0,0.0,0.0,0.0,0.0,0.0,0.0,3877.346435546875,1615.564453125,0.0,1596.75390625,3763.750244140625,0.0,0.0,0.0,0.0,0.0,0.0,3999.454345703125,1596.569091796875,0.0,1701.36376953125,3840.167236328125,0.0,0.0,0.0,0.0,0.0,0.0,530233.6875,229988.296875,0.0,252097.859375,489942.34375,0.0,0.0,0.0,0.0,0.0,0.0,534102.375,244581.859375,0.0,237416.234375,514144.96875,0.0,0.0,0.0,0.0,0.0,0.0,124.8054428100586,690.138916015625,0.0,902.3646850585938,306.16510009765625,0.0,0.0,0.0,0.0,0.0,0.0,0.5458144545555115,637.5076904296875,0.0,890.2896728515625,159.83282470703125,0.0,0.0,0.0,0.0,0.0,0.0,4002.15185546875,2305.703369140625,0.0,2499.11865234375,4069.915283203125,0.0,0.0,0.0,0.0,0.0,0.0,4000.000244140625,2234.07666015625,0.0,2591.653564453125,4000.0,0.0,0.0,0.0,0.0,0.0,0.0,1670752.25,827236.75,0.0,718927.6875,629626.3125,0.0,0.0,0.0,0.0,0.0,0.0,6455.845703125,125414.234375,0.0,71842.640625,19154.515625,0.0,0.0,0.0,0.0,0.0,0.0,231027520.0,116711896.0,0.0,120938472.0,84290960.0,0.0,0.0,0.0,0.0,0.0,0.0,1679984.375,782708.25,0.0,684566.6875,636691.0625,0.0,0.0,0.0,0.0,0.0,0.0,15.616378784179688,158776.65625,0.0,65703.3125,3308.927490234375,0.0,0.0,0.0,0.0,0.0,0.0,230103856.0,116823744.0,0.0,128660144.0,87247880.0,0.0,0.0,0.0,0.0,0.0,0.0,0.03118458390235901,0.2993181645870209,0.0,0.36107316613197327,0.07522640377283096,0.0,0.0,0.0,0.0,0.0,0.0,0.00013645360013470054,0.28535622358322144,0.0,0.3435218930244446,0.039958205074071884,0.0,0.0,0.0,0.0,0.0,0.0,136.75169372558594,142.3578643798828,0.0,157.8814697265625,130.17398071289062,0.0,0.0,0.0,0.0,0.0,0.0,133.54380798339844,153.19215393066406,0.0,139.54466247558594,133.88609313964844,0.0,0.0,0.0,0.0,0.0,0.0,0.0,0.0,8000.0,0.0,0.0,8000.0,0.0,0.0,0.0,0.0,0.0,0.0,0.0,8000.0,0.0,0.0,8000.0,0.0,0.0,0.0,0.0,0.0,0.0,0.0,0.0,0.0,0.0,0.0,0.0,0.0,0.0,0.0,0.0,0.0,0.0,0.0,0.0,0.0,0.0,0.0,0.0,0.0,0.0,0.0,0.0,0.0,2376000.0,0.0,0.0,832000.0,0.0,0.0,0.0,0.0,0.0,0.0,0.0,2376000.0,0.0,0.0,832000.0,0.0,0.0,0.0,0.0,0.0,0.0,0.0,0.0,0.0,0.0,0.0,0.0,0.0,0.0,0.0,0.0,0.0,0.0,0.0,0.0,0.0,0.0,0.0,0.0,0.0,0.0,0.0,212.0153045654297,192.94239807128906,350.2531433105469,168.8497772216797,232.92942810058594,360.00146484375,0.0,0.0,0.0,0.0,0.0,0.0,0.0,0.0,0.0,0.0,0.0,0.0,0.0,0.0,0.0,0.0,150.01583862304688,23.150774002075195,308.3620910644531,50.509639739990234,4986.05712890625,155.75123596191406,0.0,0.0,0.0,0.0,0.0,5709.67138671875,3083.341064453125,0.0,3393.698486328125,5651.35205078125,0.0,270.2171630859375,211.71376037597656,239.3881378173828,325.650634765625,311.0379638671875,238.3007049560547,262.74951171875,324.31640625,209.32127380371094,238.7079315185547,308.6376037597656,274.2646789550781,215.28091430664062,243.14492797851562,317.8146667480469,302.45623779296875,241.9748992919922,269.4755859375,316.4314270019531,212.71353149414062,241.9902801513672,300.1936340332031,272.4972839355469,213.8412628173828,241.85708618164062,321.16864013671875,306.1133117675781,240.48098754882812,266.5215759277344,319.8139953613281,211.33358764648438,240.884521484375,303.8023376464844,0.0,0.0,0.0,0.0,0.0,5.0,5.0,2.0,5.0,5.0,2.0,3.0,3.0,3.0,3.0,3.0,1.0,1.0,2.0,1.0,1.0,2.0,0.0,0.0,0.0,0.0,0.0,0.0,0.0,0.0,0.0,0.0,0.0,0.0,0.0,0.0,0.0,0.0,0.0,0.0,0.0,0.0,0.0,0.0,0.0,0.0,0.0,0.0,0.0,0.0020234270486980677,1.3802149908539422e-20,0.0,0.0,0.0,0.0,0.0,0.0,0.0,0.0,0.0,0.0,1.6732357661488413e-16,0.0,9.12804377982239e-15,0.0,0.0,0.0,0.0,0.0,0.0,0.0,0.04301454871892929,2.5887909739554115e-19,0.0,0.0,0.0,0.0,0.0,0.0,0.0,0.0,0.0,0.0,2.990043456224862e-15,0.0,1.6013531917592055e-13,0.0,0.0,0.0,0.0,0.0,0.0,0.0,1.6212650734814815e-05,0.0,0.0,0.0,0.0,0.0,0.0,0.0,0.0,0.0,0.0,0.0,2.4244911908113007e-19,0.0,1.011569345412632e-17,0.0,0.0,0.0,0.0,0.0,0.0,0.0,0.0,0.0,0.0,0.0,0.0,0.0,0.0,0.0,0.0,0.0,0.0,0.0,0.0,0.0,0.0,0.0,0.0,0.0,0.0,0.0,0.0,0.0,0.0,0.0,25000.0,0.0,0.0,0.0,0.0,0.0,0.0,0.0,0.0,0.0,0.0,0.0,0.0,0.0,25000.0,0.0,0.0,0.0,0.0,0.0,0.0,0.0,0.0,0.0,0.0,0.0,0.0,0.0,0.0,0.0,0.0,0.0,0.0,0.0,0.0,0.0,0.0,92.41000366210938,0.1612500101327896
2019-04-01,1.2457220554351807,10311.083984375,10612.046875,1433940.375,1474341.125,2603.986572265625,2208.017578125,12915.0712890625,12820.064453125,17696.087890625,10298.9296875,12.155128479003906,1433940.375,104370.1171875,1329570.25,63844.98828125,8539.2119140625,10632499.0,4.0,2.0,16578.080078125,16000.0,16000.0,0.0,0.0,0.0,0.0,6410899.0,4172822.75,4117415.75,295778.28125,291880.3125,598240832.0,608944384.0,3704000.0,3704000.0,0.0,0.0,4168059.25,4763.48828125,485341184.0,37194164.0,6194807808.0,0.2016238570213318,0.17223137617111206,139.06785583496094,138.93089294433594,111.02845001220703,0.0018159657483920455,259.6097717285156,283.1864318847656,255.12588500976562,280.3531188964844,284.42022705078125,197.22413635253906,253.96627807617188,276.4716491699219,286.3331298828125,279.4040222167969,283.247314453125,287.2205810546875,171.35458374023438,262.19268798828125,300.4512939453125,286.9410400390625,274.83074951171875,287.74969482421875,283.4263610839844,242.47853088378906,248.4390411376953,270.6274719238281,340203.84375,5912250.5,2829685.75,213578.09375,1046340.75,7305342.5,58847.1796875,159819.953125,1679909.0,1641225.875,230727.34375,729165.4375,3597517.25,-0.004974978975951672,31259.453125,3038776.0,364283.125,297270.125,939314.5625,6778649.5,-0.14237721264362335,-0.041128888726234436,0.0811627134680748,0.1868436634540558,0.057439256459474564,0.07565200328826904,0.06729321926832199,0.028815090656280518,-0.019116193056106567,0.06492764502763748,0.058041661977767944,0.013450990431010723,0.10060328990221024,0.1268036961555481,0.0,0.015889452770352364,0.012238597497344017,0.011339638382196426,0.003538589458912611,0.23695001006126404,0.15351155400276184,0.0,334454.75,5906196.0,2828847.5,160005.28125,1043047.75,7292875.0,58847.1796875,156422.859375,1679907.75,1641225.875,180726.046875,726810.8125,3596197.75,-0.004990044049918652,31168.99609375,3038776.0,364283.125,283254.78125,937947.1875,6770030.0,-0.14204613864421844,5749.1005859375,6054.4423828125,838.0892333984375,53572.82421875,3293.008544921875,12467.57421875,9.691398736322299e-05,3397.0859375,1.2954519987106323,-0.0004886256065219641,50001.30859375,2354.616943359375,1319.4249267578125,1.5065083061926998e-05,90.4559326171875,-0.0007561382371932268,0.0004512381856329739,14015.3447265625,1367.31591796875,8619.0576171875,-0.0003310709726065397,77819872.0,835274176.0,406295712.0,446336000.0,138827360.0,1031575168.0,8286861.5,39707932.0,236565120.0,231119360.0,408416608.0,91655896.0,507064032.0,-0.7006171345710754,5075988.0,427920416.0,51298356.0,161545520.0,130761144.0,959262336.0,-22.89046859741211,49864704.0,795546048.0,402172928.0,29817360.0,108490920.0,944231424.0,8286861.0,23545530.0,236557136.0,231119360.0,33705624.0,65173084.0,499120224.0,-0.7748667597770691,4648759.5,427920416.0,51298356.0,51694496.0,121622552.0,904352576.0,-21.15035057067871,27955164.0,39728112.0,4122758.75,416518656.0,30336446.0,87343768.0,0.44613680243492126,16162403.0,7973.8828125,-2.2824509143829346,374710976.0,26482814.0,7943814.5,0.07424961775541306,427228.15625,-3.4304089546203613,2.152477741241455,109851016.0,9138594.0,54909780.0,-1.7401169538497925,0.0,170050.125,225572.0625,0.0,78628.4375,175204.59375,0.0,0.0,0.0,0.0,0.0,14421.2412109375,224195.625,0.0,0.0,0.0,0.0,0.0,143061.21875,402797.875,0.0,0.0,37989668.0,123762856.0,0.0,29534628.0,60159148.0,0.0,0.0,0.0,0.0,0.0,22693396.0,84475440.0,0.0,0.0,0.0,0.0,0.0,76214872.0,163411312.0,0.0,0.0,4.0,0.0,0.0,0.0,2.0,0.0,0.0,0.0,0.0,10311.083984375,0.0,0.0,10612.046875,0.0,0.0,1433940.375,0.0,0.0,1474341.125,0.0,0.0,2603.986572265625,0.0,0.0,2208.017578125,0.0,0.0,17696.087890625,0.0,0.0,12915.0712890625,0.0,0.0,10298.9296875,0.0,0.0,12.155128479003906,0.0,0.0,104370.1171875,0.0,0.0,1329570.25,0.0,0.0,0.2016238570213318,0.0,0.0,0.17223137617111206,0.0,0.0,139.06785583496094,0.0,0.0,138.93089294433594,0.0,0.0,0.0018159657483920455,0.0,0.0,111.02845001220703,0.0,0.0,4172822.75,0.0,0.0,4117415.75,0.0,0.0,598240832.0,0.0,0.0,608944384.0,0.0,0.0,295778.28125,0.0,0.0,291880.3125,0.0,0.0,6410899.0,0.0,0.0,4468601.0,0.0,0.0,4168059.25,0.0,0.0,4763.48828125,0.0,0.0,43036396.0,0.0,0.0,555204416.0,0.0,0.0,0.0,16000.0,0.0,0.0,16578.080078125,0.0,0.0,16000.0,0.0,0.0,0.0,0.0,0.0,0.0,0.0,0.0,0.0,0.0,0.0,63844.98828125,0.0,0.0,10632499.0,0.0,0.0,8539.2119140625,0.0,0.0,0.0,0.0,0.0,0.0,0.0,0.0,0.0,3772.830078125,1582.7218017578125,0.0,1498.267822265625,3457.264892578125,0.0,0.0,0.0,0.0,0.0,0.0,3962.34814453125,1579.903564453125,0.0,1577.11767578125,3492.677978515625,0.0,0.0,0.0,0.0,0.0,0.0,523690.6875,225572.0625,0.0,236110.890625,448566.71875,0.0,0.0,0.0,0.0,0.0,0.0,539551.8125,243660.8125,0.0,226502.71875,464625.8125,0.0,0.0,0.0,0.0,0.0,0.0,254.8044891357422,735.0634765625,0.0,1024.849853515625,589.2686767578125,0.0,0.0,0.0,0.0,0.0,0.0,37.65182876586914,653.8995361328125,0.0,1009.1441040039062,507.322021484375,0.0,0.0,0.0,0.0,0.0,0.0,4027.634521484375,2317.78515625,0.0,2523.11767578125,4046.53369140625,0.0,0.0,0.0,0.0,0.0,0.0,4000.0,2233.802978515625,0.0,2586.26171875,4000.0,0.0,0.0,0.0,0.0,0.0,0.0,1789094.75,876733.9375,0.0,766531.4375,740462.5625,0.0,0.0,0.0,0.0,0.0,0.0,12515.646484375,147647.828125,0.0,102106.1328125,33508.6875,0.0,0.0,0.0,0.0,0.0,0.0,247346000.0,123762856.0,0.0,128442896.0,98689064.0,0.0,0.0,0.0,0.0,0.0,0.0,1803215.0,831861.25,0.0,734502.4375,747837.0,0.0,0.0,0.0,0.0,0.0,0.0,785.0068359375,178895.875,0.0,96036.4375,16163.0048828125,0.0,0.0,0.0,0.0,0.0,0.0,246735344.0,124390992.0,0.0,135764096.0,102053984.0,0.0,0.0,0.0,0.0,0.0,0.0,0.06326405704021454,0.31714046001434326,0.0,0.4061839282512665,0.1456230878829956,0.0,0.0,0.0,0.0,0.0,0.0,0.009412957355380058,0.2927292585372925,0.0,0.3901941180229187,0.12683050334453583,0.0,0.0,0.0,0.0,0.0,0.0,138.80580139160156,142.5216064453125,0.0,157.58924865722656,129.74612426757812,0.0,0.0,0.0,0.0,0.0,0.0,136.16970825195312,154.22511291503906,0.0,143.61814880371094,133.02853393554688,0.0,0.0,0.0,0.0,0.0,0.0,0.0,0.0,8000.0,0.0,0.0,8000.0,0.0,0.0,0.0,0.0,0.0,0.0,0.0,8000.0,0.0,0.0,8000.0,0.0,0.0,0.0,0.0,0.0,0.0,0.0,0.0,0.0,0.0,0.0,0.0,0.0,0.0,0.0,0.0,0.0,0.0,0.0,0.0,0.0,0.0,0.0,0.0,0.0,0.0,0.0,0.0,0.0,2624000.0,0.0,0.0,1080000.0,0.0,0.0,0.0,0.0,0.0,0.0,0.0,2624000.0,0.0,0.0,1080000.0,0.0,0.0,0.0,0.0,0.0,0.0,0.0,0.0,0.0,0.0,0.0,0.0,0.0,0.0,0.0,0.0,0.0,0.0,0.0,0.0,0.0,0.0,0.0,0.0,0.0,0.0,0.0,208.1517333984375,191.4412078857422,350.053466796875,168.18406677246094,232.04815673828125,360.7194519042969,0.0,0.0,0.0,0.0,0.0,0.0,0.0,0.0,0.0,0.0,0.0,0.0,0.0,0.0,0.0,0.0,140.05543518066406,22.092859268188477,308.36566162109375,48.166778564453125,4831.81201171875,155.74476623535156,0.0,0.0,0.0,0.0,0.0,5735.39697265625,3084.9599609375,0.0,3368.968994140625,5506.76171875,0.0,270.63531494140625,211.96890258789062,238.57191467285156,325.4515075683594,311.75360107421875,236.20370483398438,263.1031799316406,324.1170349121094,209.51568603515625,237.87109375,309.35345458984375,274.7347106933594,215.63131713867188,242.4570770263672,317.6562805175781,303.1707763671875,240.115966796875,269.9147033691406,316.2725524902344,212.99862670898438,241.27377319335938,300.908447265625,272.9428405761719,214.14312744140625,241.11827087402344,320.9980163574219,306.82830810546875,238.5214080810547,266.91986083984375,319.64306640625,211.57174682617188,240.11984252929688,304.517578125,0.0,0.0,0.0,0.0,0.0,5.0,5.0,2.0,5.0,5.0,2.0,3.0,3.0,3.0,3.0,3.0,1.0,1.0,2.0,1.0,1.0,2.0,0.0,0.0,0.0,0.0,0.0,0.0,0.0,0.0,0.0,0.0,0.0,0.0,0.0,0.0,0.0,0.0,0.0,0.0,0.0,0.0,0.0,0.0,0.0,0.0,0.0,0.0,0.0,0.008170362561941147,9.688562304619889e-20,0.0,0.0,0.0,0.0,0.0,0.0,0.0,0.0,0.0,0.0,1.4203925138660516e-15,0.0,7.868648766416741e-14,0.0,0.0,0.0,0.0,0.0,0.0,0.0,0.19695383310317993,1.830550281989544e-18,0.0,0.0,0.0,0.0,0.0,0.0,0.0,0.0,0.0,0.0,2.491060709217032e-14,0.0,1.3754474989524645e-12,0.0,0.0,0.0,0.0,0.0,0.0,0.0,3.206522160326131e-05,0.0,0.0,0.0,0.0,0.0,0.0,0.0,0.0,0.0,0.0,0.0,1.9323398194478693e-18,0.0,7.677855373259231e-17,0.0,0.0,0.0,0.0,0.0,0.0,0.0,0.0,0.0,0.0,0.0,0.0,0.0,0.0,0.0,0.0,0.0,0.0,0.0,0.0,0.0,0.0,0.0,0.0,0.0,0.0,0.0,0.0,0.0,0.0,0.0,25000.0,0.0,0.0,0.0,0.0,0.0,0.0,0.0,0.0,0.0,0.0,0.0,0.0,0.0,25000.0,0.0,0.0,0.0,0.0,0.0,0.0,0.0,0.0,0.0,0.0,0.0,0.0,0.0,0.0,0.0,0.0,0.0,0.0,0.0,0.0,0.0,0.0,97.95000457763672,0.15000000596046448
2019-05-01,1.3278576135635376,9889.4619140625,10361.73046875,1386777.875,1469744.0,3167.608642578125,2443.648193359375,13057.0712890625,12805.37890625,17726.64453125,9875.484375,13.977859497070312,1386777.875,118782.2421875,1267995.75,60189.99609375,10191.798828125,10444292.0,4.0,2.0,16578.33203125,16000.0,16000.0,0.0,0.0,0.0,0.0,6942663.0,4473255.5,4428267.5,386012.15625,365189.78125,640263936.0,653036736.0,4184000.0,4184000.0,0.0,0.0,4468088.0,5167.74462890625,485730944.0,36893736.0,6152784896.0,0.24259719252586365,0.1908298283815384,140.22784423828125,141.84349060058594,106.2089614868164,0.0022841498721390963,259.03875732421875,283.5837707519531,254.94247436523438,280.61956787109375,284.79498291015625,195.6771240234375,251.4794464111328,276.39776611328125,286.69970703125,279.8097839355469,283.6165771484375,287.5670166015625,170.49151611328125,260.46099853515625,300.4139099121094,287.3692932128906,275.15118408203125,288.0951232910156,283.6904296875,242.92379760742188,248.45504760742188,270.8165283203125,340573.46875,5858656.5,2793248.75,213366.515625,1047305.625,7261713.0,58745.6796875,159809.703125,1667898.875,1634163.375,230585.125,729171.375,3551631.75,-0.004970920737832785,31141.51171875,3035196.25,365388.9375,298022.40625,929888.25,6687227.5,-0.14278601109981537,-0.04226003214716911,0.08949187397956848,0.19731439650058746,0.05837305262684822,0.07479963451623917,0.0728636234998703,0.030490189790725708,-0.01905088871717453,0.07161276042461395,0.062095094472169876,0.014059078879654408,0.10059594362974167,0.13794109225273132,0.0,0.01960248127579689,0.013402151875197887,0.008338511921465397,0.0010169284651055932,0.24460744857788086,0.1649278998374939,0.0,334610.5,5852421.5,2792431.0,159640.859375,1044062.875,7248297.0,58745.6796875,156378.859375,1667897.625,1634163.375,180454.46875,726834.75,3549727.5,-0.004985975567251444,31054.173828125,3035196.25,365388.9375,283965.4375,928476.1875,6678573.5,-0.1424589306116104,5962.982421875,6235.34814453125,817.8281860351562,53725.640625,3242.753662109375,13415.912109375,9.416425746167079e-05,3430.84375,1.2102470397949219,-0.000485246506286785,50130.66796875,2336.662353515625,1904.2767333984375,1.5054948562465142e-05,87.33690643310547,-0.0007666473393328488,0.00045521382708102465,14056.9775390625,1412.0684814453125,8653.93359375,-0.00032707458012737334,78909720.0,828210112.0,401100736.0,445596032.0,137888160.0,1025029056.0,8272568.0,39823964.0,234873904.0,230124816.0,407883808.0,91283680.0,500819520.0,-0.7000460624694824,5045983.0,427416352.0,51454076.0,161712032.0,130069480.0,947270848.0,-22.946590423583984,50000912.0,787146560.0,397078464.0,29792154.0,107683360.0,928793024.0,8272567.5,23557022.0,234866496.0,230124816.0,33705532.0,64839088.0,489185504.0,-0.7742444276809692,4634764.0,427416352.0,51454072.0,51884432.0,120655872.0,892110784.0,-21.23002052307129,28908808.0,41063528.0,4022255.75,415803872.0,30204798.0,96236040.0,0.4347844421863556,16266941.0,7410.98828125,-2.2601990699768066,374178272.0,26444592.0,11634013.0,0.07419837266206741,411219.375,-3.4554007053375244,2.1651318073272705,109827592.0,9413609.0,55160056.0,-1.7165696620941162,0.0,166374.953125,221361.09375,0.0,74821.3046875,196760.9375,0.0,0.0,0.0,0.0,0.0,13874.5380859375,231740.75,0.0,0.0,0.0,0.0,0.0,136636.265625,345200.3125,0.0,0.0,42986756.0,130436104.0,0.0,31808706.0,65922756.0,0.0,0.0,0.0,0.0,0.0,23106056.0,91392504.0,0.0,0.0,0.0,0.0,0.0,80364952.0,174246384.0,0.0,0.0,4.0,0.0,0.0,0.0,2.0,0.0,0.0,0.0,0.0,9889.4619140625,0.0,0.0,10361.73046875,0.0,0.0,1386777.875,0.0,0.0,1469744.0,0.0,0.0,3167.608642578125,0.0,0.0,2443.648193359375,0.0,0.0,17726.64453125,0.0,0.0,13057.0712890625,0.0,0.0,9875.484375,0.0,0.0,13.977859497070312,0.0,0.0,118782.2421875,0.0,0.0,1267995.75,0.0,0.0,0.24259719252586365,0.0,0.0,0.1908298283815384,0.0,0.0,140.22784423828125,0.0,0.0,141.84349060058594,0.0,0.0,0.0022841498721390963,0.0,0.0,106.2089614868164,0.0,0.0,4473255.5,0.0,0.0,4428267.5,0.0,0.0,640263936.0,0.0,0.0,653036736.0,0.0,0.0,386012.15625,0.0,0.0,365189.78125,0.0,0.0,6942663.0,0.0,0.0,4859268.0,0.0,0.0,4468088.0,0.0,0.0,5167.74462890625,0.0,0.0,46476080.0,0.0,0.0,593787904.0,0.0,0.0,0.0,16000.0,0.0,0.0,16578.33203125,0.0,0.0,16000.0,0.0,0.0,0.0,0.0,0.0,0.0,0.0,0.0,0.0,0.0,0.0,60189.99609375,0.0,0.0,10444292.0,0.0,0.0,10191.798828125,0.0,0.0,0.0,0.0,0.0,0.0,0.0,0.0,0.0,3693.810546875,1551.567138671875,0.0,1436.8228759765625,3207.261474609375,0.0,0.0,0.0,0.0,0.0,0.0,3927.69873046875,1566.571533203125,0.0,1516.325439453125,3351.134521484375,0.0,0.0,0.0,0.0,0.0,0.0,524607.0625,221361.09375,0.0,225332.109375,415477.625,0.0,0.0,0.0,0.0,0.0,0.0,558563.25,242298.4375,0.0,223575.71875,445306.5625,0.0,0.0,0.0,0.0,0.0,0.0,406.6728820800781,771.9179077148438,0.0,1110.8470458984375,878.1710205078125,0.0,0.0,0.0,0.0,0.0,0.0,72.30126953125,663.982177734375,0.0,1058.4993896484375,648.8654174804688,0.0,0.0,0.0,0.0,0.0,0.0,4100.4833984375,2323.485107421875,0.0,2547.669921875,4085.4326171875,0.0,0.0,0.0,0.0,0.0,0.0,4000.0,2230.5537109375,0.0,2574.824951171875,4000.0,0.0,0.0,0.0,0.0,0.0,0.0,1901164.75,923520.375,0.0,810103.5,838467.125,0.0,0.0,0.0,0.0,0.0,0.0,23418.7578125,170473.296875,0.0,134722.171875,57397.9453125,0.0,0.0,0.0,0.0,0.0,0.0,263158288.0,130436104.0,0.0,135279712.0,111389856.0,0.0,0.0,0.0,0.0,0.0,0.0,1921046.0,878858.375,0.0,779992.1875,848371.0,0.0,0.0,0.0,0.0,0.0,0.0,2954.044921875,198815.34375,0.0,127791.421875,35628.96875,0.0,0.0,0.0,0.0,0.0,0.0,263492240.0,131659944.0,0.0,142471360.0,115413184.0,0.0,0.0,0.0,0.0,0.0,0.0,0.0991768091917038,0.33222416043281555,0.0,0.4360246956348419,0.2149517834186554,0.0,0.0,0.0,0.0,0.0,0.0,0.01807531714439392,0.2976759374141693,0.0,0.4110957086086273,0.16221635043621063,0.0,0.0,0.0,0.0,0.0,0.0,142.02328491210938,142.66937255859375,0.0,156.82664489746094,129.5428009033203,0.0,0.0,0.0,0.0,0.0,0.0,142.21133422851562,154.66796875,0.0,147.44573974609375,132.88232421875,0.0,0.0,0.0,0.0,0.0,0.0,0.0,0.0,8000.0,0.0,0.0,8000.0,0.0,0.0,0.0,0.0,0.0,0.0,0.0,8000.0,0.0,0.0,8000.0,0.0,0.0,0.0,0.0,0.0,0.0,0.0,0.0,0.0,0.0,0.0,0.0,0.0,0.0,0.0,0.0,0.0,0.0,0.0,0.0,0.0,0.0,0.0,0.0,0.0,0.0,0.0,0.0,0.0,2864000.0,0.0,0.0,1320000.0,0.0,0.0,0.0,0.0,0.0,0.0,0.0,2864000.0,0.0,0.0,1320000.0,0.0,0.0,0.0,0.0,0.0,0.0,0.0,0.0,0.0,0.0,0.0,0.0,0.0,0.0,0.0,0.0,0.0,0.0,0.0,0.0,0.0,0.0,0.0,0.0,0.0,0.0,0.0,203.16197204589844,190.2277374267578,349.9604797363281,167.48641967773438,231.4761199951172,361.2031555175781,0.0,0.0,0.0,0.0,0.0,0.0,0.0,0.0,0.0,0.0,0.0,0.0,0.0,0.0,0.0,0.0,129.17315673828125,21.207239151000977,308.3673095703125,46.72523498535156,4643.8271484375,155.7404022216797,0.0,0.0,0.0,0.0,0.0,5837.2822265625,3079.53466796875,0.0,3359.291748046875,5450.53515625,0.0,270.97198486328125,211.95704650878906,238.15164184570312,325.3588562011719,312.23565673828125,234.13352966308594,263.41143798828125,324.024169921875,209.4725341796875,237.42921447753906,309.835693359375,275.0893249511719,215.67897033691406,242.10986328125,317.5968017578125,303.65216064453125,238.3013153076172,270.2519836425781,316.2126770019531,213.01304626464844,240.89886474609375,301.3900451660156,273.2891845703125,214.16175842285156,240.7423095703125,320.92791748046875,307.3099670410156,236.5927734375,267.2433166503906,319.57275390625,211.55770874023438,239.7185821533203,304.99945068359375,0.0,0.0,0.0,0.0,0.0,5.0,5.0,2.0,5.0,5.0,2.0,3.0,3.0,3.0,3.0,3.0,1.0,1.0,2.0,1.0,1.0,2.0,0.0,0.0,0.0,0.0,0.0,0.0,0.0,0.0,0.0,0.0,0.0,0.0,0.0,0.0,0.0,0.0,0.0,0.0,0.0,0.0,0.0,0.0,0.0,0.0,0.0,0.0,0.0,0.02955583482980728,1.7154585429080236e-18,0.0,0.0,0.0,0.0,0.0,0.0,0.0,0.0,0.0,0.0,3.7677628080207484e-14,0.0,1.1697952719338933e-12,0.0,0.0,0.0,0.0,0.0,0.0,0.0,0.8695135116577148,3.3553277911568184e-17,0.0,0.0,0.0,0.0,0.0,0.0,0.0,0.0,0.0,0.0,7.061599026879362e-13,0.0,2.3454963665736628e-11,0.0,0.0,0.0,0.0,0.0,0.0,0.0,7.267716864589602e-05,0.0,0.0,0.0,0.0,0.0,0.0,0.0,0.0,0.0,0.0,0.0,4.8810412551871966e-17,0.0,1.0530660883773836e-15,0.0,0.0,0.0,0.0,0.0,0.0,0.0,0.0,0.0,0.0,0.0,0.0,0.0,0.0,0.0,0.0,0.0,0.0,0.0,0.0,0.0,0.0,0.0,0.0,0.0,0.0,0.0,0.0,0.0,0.0,0.0,25000.0,0.0,0.0,0.0,0.0,0.0,0.0,0.0,0.0,0.0,0.0,0.0,0.0,0.0,25000.0,0.0,0.0,0.0,0.0,0.0,0.0,0.0,0.0,0.0,0.0,0.0,0.0,0.0,0.0,0.0,0.0,0.0,0.0,0.0,0.0,0.0,0.0,102.46000671386719,0.1411764770746231
2019-06-01,1.4127310514450073,9618.7607421875,9967.6748046875,1356539.25,1473498.625,3639.42041015625,2852.608642578125,13258.1806640625,12820.283203125,17863.62890625,9603.4130859375,15.347916603088379,1356539.25,129441.0,1227098.25,57389.30078125,11570.3271484375,8647242.0,4.0,2.0,16578.814453125,16000.0,16000.0,0.0,0.0,0.0,0.0,7425905.5,4737781.5,4701605.0,480023.71875,440634.0625,677236288.0,692689088.0,4616000.0,4616000.0,0.0,0.0,4732258.5,5522.947265625,486068928.0,36629216.0,6115812352.0,0.2745037376880646,0.22250746190547943,141.03057861328125,147.82772827148438,102.31715393066406,0.0026828714180737734,258.58709716796875,283.738525390625,255.43357849121094,280.0114440917969,284.92681884765625,195.52210998535156,249.0983123779297,276.0660095214844,286.64471435546875,279.67401123046875,283.3204345703125,287.5098571777344,171.51617431640625,258.6494140625,299.9952087402344,287.0438537597656,275.0957336425781,287.791748046875,283.52685546875,243.18959045410156,249.1310577392578,270.95068359375,340974.75,5811169.0,2759874.5,213109.625,1049835.0,7223727.5,58641.30859375,159817.859375,1656321.125,1627363.625,230432.125,730851.0625,3507241.25,-0.004969657864421606,31073.7109375,3032098.75,366238.21875,298592.625,921505.5625,6610347.0,-0.14377126097679138,-0.04348805174231529,0.09687206894159317,0.20690502226352692,0.059506747871637344,0.07256519049406052,0.07771340757608414,0.03221273049712181,-0.01910289190709591,0.07805714011192322,0.06599771976470947,0.014713283628225327,0.09852413833141327,0.14871563017368317,0.0,0.021736962720751762,0.014409054070711136,0.006033577956259251,-0.0008944568689912558,0.2514171004295349,0.17452840507030487,0.0,334786.78125,5805144.5,2759060.5,159365.34375,1046662.875,7209674.5,58641.30859375,156333.375,1656320.125,1627363.625,180408.25,728552.9375,3504805.25,-0.004984438885003328,30987.908203125,3032098.75,366238.21875,284554.25,920042.125,6602049.0,-0.14344793558120728,6187.97998046875,6024.634765625,814.039794921875,53744.27734375,3172.080078125,14052.9970703125,9.113335545407608e-05,3484.49560546875,1.0522264242172241,-0.0004873834259342402,50023.88671875,2298.11376953125,2436.096923828125,1.4780909623368643e-05,85.80247497558594,-0.0006277094362303615,0.00042597486753948033,14038.37890625,1463.4390869140625,8298.1171875,-0.0003233318275306374,80036872.0,821959104.0,396350656.0,444793984.0,137426896.0,1019155392.0,8257870.5,40061960.0,233243600.0,229167280.0,407243456.0,91218224.0,494829536.0,-0.6998690366744995,5027918.5,426980128.0,51573628.0,161848960.0,129485024.0,937151680.0,-23.082456588745117,50078220.0,782528448.0,392318464.0,29717776.0,107854192.0,916604352.0,8257870.0,23550230.0,233237200.0,229167280.0,33676588.0,65393292.0,479745440.0,-0.7728942632675171,4622968.5,426980128.0,51573628.0,51953460.0,119746368.0,884526208.0,-21.386882781982422,29958654.0,39430596.0,4032186.0,415076192.0,29572714.0,102551048.0,0.4248700737953186,16511729.0,6385.46484375,-2.276670455932617,373566848.0,25824936.0,15084110.0,0.07302524149417877,404950.09375,-2.873469352722168,2.0247690677642822,109895504.0,9738655.0,52625516.0,-1.6955742835998535,0.0,166038.109375,218296.484375,0.0,70881.3515625,218320.3125,0.0,0.0,0.0,0.0,0.0,15427.056640625,235838.75,0.0,0.0,0.0,0.0,0.0,133651.046875,298080.9375,0.0,0.0,47206428.0,136490992.0,0.0,33686848.0,71094200.0,0.0,0.0,0.0,0.0,0.0,23211972.0,98002728.0,0.0,0.0,0.0,0.0,0.0,84400536.0,183142656.0,0.0,0.0,4.0,0.0,0.0,0.0,2.0,0.0,0.0,0.0,0.0,9618.7607421875,0.0,0.0,9967.6748046875,0.0,0.0,1356539.25,0.0,0.0,1473498.625,0.0,0.0,3639.42041015625,0.0,0.0,2852.608642578125,0.0,0.0,17863.62890625,0.0,0.0,13258.1806640625,0.0,0.0,9603.4130859375,0.0,0.0,15.347916603088379,0.0,0.0,129441.0,0.0,0.0,1227098.25,0.0,0.0,0.2745037376880646,0.0,0.0,0.22250746190547943,0.0,0.0,141.03057861328125,0.0,0.0,147.82772827148438,0.0,0.0,0.0026828714180737734,0.0,0.0,102.31715393066406,0.0,0.0,4737781.5,0.0,0.0,4701605.0,0.0,0.0,677236288.0,0.0,0.0,692689088.0,0.0,0.0,480023.71875,0.0,0.0,440634.0625,0.0,0.0,7425905.5,0.0,0.0,5217805.0,0.0,0.0,4732258.5,0.0,0.0,5522.947265625,0.0,0.0,49471368.0,0.0,0.0,627764928.0,0.0,0.0,0.0,16000.0,0.0,0.0,16578.814453125,0.0,0.0,16000.0,0.0,0.0,0.0,0.0,0.0,0.0,0.0,0.0,0.0,0.0,0.0,57389.30078125,0.0,0.0,8647242.0,0.0,0.0,11570.3271484375,0.0,0.0,0.0,0.0,0.0,0.0,0.0,0.0,0.0,3669.9599609375,1531.59521484375,0.0,1433.900634765625,2983.304931640625,0.0,0.0,0.0,0.0,0.0,0.0,3848.20849609375,1549.68603515625,0.0,1449.4471435546875,3120.332763671875,0.0,0.0,0.0,0.0,0.0,0.0,532297.6875,218296.484375,0.0,219959.453125,385985.6875,0.0,0.0,0.0,0.0,0.0,0.0,589391.625,242150.8125,0.0,226563.03125,415393.1875,0.0,0.0,0.0,0.0,0.0,0.0,550.9791259765625,808.668701171875,0.0,1178.7467041015625,1101.02587890625,0.0,0.0,0.0,0.0,0.0,0.0,151.7913818359375,684.721923828125,0.0,1136.4281005859375,879.6671752929688,0.0,0.0,0.0,0.0,0.0,0.0,4220.93896484375,2340.263916015625,0.0,2612.647216796875,4084.330810546875,0.0,0.0,0.0,0.0,0.0,0.0,4000.0,2234.407958984375,0.0,2585.875244140625,4000.0,0.0,0.0,0.0,0.0,0.0,0.0,2000526.875,965954.0625,0.0,849945.8125,921354.75,0.0,0.0,0.0,0.0,0.0,0.0,36968.875,192097.671875,0.0,166529.53125,84427.625,0.0,0.0,0.0,0.0,0.0,0.0,277308480.0,136490992.0,0.0,141299360.0,122137472.0,0.0,0.0,0.0,0.0,0.0,0.0,2025483.375,921604.5,0.0,820507.125,934009.875,0.0,0.0,0.0,0.0,0.0,0.0,6516.61181640625,217356.46875,0.0,158770.859375,57990.125,0.0,0.0,0.0,0.0,0.0,0.0,278970528.0,138331264.0,0.0,148559648.0,126827648.0,0.0,0.0,0.0,0.0,0.0,0.0,0.13053472340106964,0.3455459475517273,0.0,0.4511694610118866,0.2695731520652771,0.0,0.0,0.0,0.0,0.0,0.0,0.037947844713926315,0.3064444661140442,0.0,0.4394752085208893,0.21991679072380066,0.0,0.0,0.0,0.0,0.0,0.0,145.0418243408203,142.52883911132812,0.0,153.3993682861328,129.3819122314453,0.0,0.0,0.0,0.0,0.0,0.0,153.16000366210938,156.2579803466797,0.0,156.30996704101562,133.12464904785156,0.0,0.0,0.0,0.0,0.0,0.0,0.0,0.0,8000.0,0.0,0.0,8000.0,0.0,0.0,0.0,0.0,0.0,0.0,0.0,8000.0,0.0,0.0,8000.0,0.0,0.0,0.0,0.0,0.0,0.0,0.0,0.0,0.0,0.0,0.0,0.0,0.0,0.0,0.0,0.0,0.0,0.0,0.0,0.0,0.0,0.0,0.0,0.0,0.0,0.0,0.0,0.0,0.0,3080000.0,0.0,0.0,1536000.0,0.0,0.0,0.0,0.0,0.0,0.0,0.0,3080000.0,0.0,0.0,1536000.0,0.0,0.0,0.0,0.0,0.0,0.0,0.0,0.0,0.0,0.0,0.0,0.0,0.0,0.0,0.0,0.0,0.0,0.0,0.0,0.0,0.0,0.0,0.0,0.0,0.0,0.0,0.0,198.70687866210938,187.5413360595703,348.34375,166.7870635986328,232.48744201660156,360.96148681640625,0.0,0.0,0.0,0.0,0.0,0.0,0.0,0.0,0.0,0.0,0.0,0.0,0.0,0.0,0.0,0.0,121.57332611083984,20.309476852416992,308.3033752441406,44.19169235229492,4238.01806640625,155.74258422851562,0.0,0.0,0.0,0.0,0.0,6008.11669921875,3088.623779296875,0.0,3403.14111328125,5363.7470703125,0.0,270.60113525390625,212.33253479003906,239.11300659179688,323.7367858886719,311.994873046875,232.4385528564453,262.9734191894531,322.40380859375,209.82086181640625,238.36856079101562,309.5947570800781,274.73187255859375,216.11293029785156,242.9803009033203,316.06402587890625,303.41375732421875,236.89004516601562,269.8356018066406,314.68133544921875,213.41763305664062,241.7525177001953,301.15142822265625,272.9267883300781,214.5668487548828,241.63711547851562,319.3593444824219,307.0706481933594,235.05096435546875,266.818359375,318.00592041015625,211.9337615966797,240.5941162109375,304.75994873046875,0.0,0.0,0.0,0.0,0.0,5.0,5.0,2.0,5.0,5.0,2.0,3.0,3.0,3.0,3.0,3.0,1.0,1.0,2.0,1.0,1.0,2.0,0.0,0.0,0.0,0.0,0.0,0.0,0.0,0.0,0.0,0.0,0.0,0.0,0.0,0.0,0.0,0.0,0.0,0.0,0.0,0.0,0.0,0.0,0.0,0.0,0.0,0.0,0.0,0.07106027752161026,8.846933224909821e-18,0.0,0.0,0.0,0.0,0.0,0.0,0.0,0.0,0.0,0.0,2.0536599764503505e-13,0.0,5.862416888741118e-12,0.0,0.0,0.0,0.0,0.0,0.0,0.0,2.312765598297119,1.7085434081128508e-16,0.0,0.0,0.0,0.0,0.0,0.0,0.0,0.0,0.0,0.0,3.8377937980338395e-12,0.0,1.1905434971204443e-10,0.0,0.0,0.0,0.0,0.0,0.0,0.0,0.0001289709034608677,1.0940120337183718e-20,0.0,0.0,0.0,0.0,0.0,0.0,0.0,0.0,0.0,0.0,2.539556712403306e-16,0.0,4.9734323003512455e-15,0.0,0.0,0.0,0.0,0.0,0.0,0.0,0.0,0.0,0.0,0.0,0.0,0.0,0.0,0.0,0.0,0.0,0.0,0.0,0.0,0.0,0.0,0.0,0.0,0.0,0.0,0.0,0.0,0.0,0.0,0.0,25000.0,0.0,0.0,0.0,0.0,0.0,0.0,0.0,0.0,0.0,0.0,0.0,0.0,0.0,25000.0,0.0,0.0,0.0,0.0,0.0,0.0,0.0,0.0,0.0,0.0,0.0,0.0,0.0,0.0,0.0,0.0,0.0,0.0,0.0,0.0,0.0,0.0,111.83000183105469,0.14250001311302185
2019-07-01,1.4948664903640747,9253.0439453125,9618.6904296875,1335215.75,1491775.75,4132.00244140625,3151.1884765625,13385.046875,12769.87890625,17991.375,9233.6904296875,19.35340690612793,1335215.75,164261.5625,1170954.125,54727.46875,12787.212890625,8781615.0,4.0,2.0,16579.291015625,16000.0,16000.0,0.0,0.0,0.0,0.0,7964388.5,5020104.5,4994565.5,597893.5625,531174.875,717593728.0,737359296.0,5096000.0,5096000.0,0.0,0.0,5014048.5,6056.06494140625,486431072.0,36346896.0,6075453952.0,0.30870288610458374,0.2467672973871231,144.30015563964844,155.0913543701172,99.75428771972656,0.0030946326442062855,257.95318603515625,283.9168701171875,255.14244079589844,280.5264892578125,285.114990234375,194.49537658691406,246.528076171875,276.2995300292969,286.8663024902344,279.973876953125,283.6644592285156,287.720458984375,170.3396453857422,256.8322448730469,300.1754455566406,287.5378723144531,275.3526916503906,288.1995544433594,283.70587158203125,243.1107635498047,249.11923217773438,271.0419006347656,341377.34375,5757872.0,2725354.75,212851.34375,1050989.375,7177934.5,58544.66015625,159808.0625,1644058.0,1620473.75,230293.828125,730492.25,3458675.5,-0.004965484142303467,30960.919921875,3028968.5,367348.46875,299278.875,913871.375,6537743.0,-0.14457786083221436,-0.04472014680504799,0.1051551029086113,0.21682487428188324,0.06064654886722565,0.07154534757137299,0.08356000483036041,0.03380772843956947,-0.019040390849113464,0.08488307148218155,0.06995207071304321,0.015304628759622574,0.09896671026945114,0.16050362586975098,0.0,0.02528787963092327,0.015426522120833397,0.0030203310307115316,-0.0031948182731866837,0.2576187252998352,0.18359486758708954,0.0,334954.5625,5751650.0,2724561.5,159112.1875,1047862.75,7163056.0,58544.66015625,156288.046875,1644057.0,1620473.75,180219.109375,728210.5,3455642.75,-0.004980406723916531,30877.84765625,3028968.5,367348.46875,285211.6875,912335.1875,6529400.5,-0.14425787329673767,6422.787109375,6221.830078125,793.1535034179688,53739.15625,3126.647216796875,14878.1953125,9.694953041616827e-05,3520.018798828125,1.032531499862671,-0.0004990495508536696,50074.71875,2281.767333984375,3032.713623046875,1.4922918126103468e-05,83.07205963134766,-0.0006571869016624987,0.0002770126156974584,14067.2099609375,1536.164794921875,8342.576171875,-0.00031998188933357596,81184232.0,814953792.0,391438112.0,443925696.0,136736688.0,1011318336.0,8244260.5,40191596.0,231516752.0,228197056.0,406755200.0,90758456.0,488366688.0,-0.6992823481559753,5000824.0,426539328.0,51729976.0,162004848.0,128983720.0,927608576.0,-23.193824768066406,50129472.0,774058432.0,387518400.0,29713746.0,107373728.0,899758144.0,8244260.5,23554584.0,231510496.0,228197056.0,33679016.0,64903716.0,469281216.0,-0.772906482219696,4610154.0,426539328.0,51729972.0,52115284.0,118742232.0,874678400.0,-21.51728630065918,31054762.0,40895320.0,3919698.0,414211936.0,29362960.0,111560168.0,0.457457035779953,16637011.0,6257.42236328125,-2.324572801589966,373076192.0,25854738.0,19085482.0,0.0736241415143013,390670.28125,-3.009957790374756,1.3226534128189087,109889560.0,10241487.0,52930184.0,-1.676537036895752,0.0,160086.296875,212532.640625,0.0,68574.71875,251619.75,0.0,0.0,0.0,0.0,0.0,16455.826171875,236225.9375,0.0,0.0,0.0,0.0,0.0,128625.5078125,261089.46875,0.0,0.0,52084016.0,142927808.0,0.0,35775248.0,78239848.0,0.0,0.0,0.0,0.0,0.0,23709450.0,105108872.0,0.0,0.0,0.0,0.0,0.0,88312456.0,191435968.0,0.0,0.0,4.0,0.0,0.0,0.0,2.0,0.0,0.0,0.0,0.0,9253.0439453125,0.0,0.0,9618.6904296875,0.0,0.0,1335215.75,0.0,0.0,1491775.75,0.0,0.0,4132.00244140625,0.0,0.0,3151.1884765625,0.0,0.0,17991.375,0.0,0.0,13385.046875,0.0,0.0,9233.6904296875,0.0,0.0,19.35340690612793,0.0,0.0,164261.5625,0.0,0.0,1170954.125,0.0,0.0,0.30870288610458374,0.0,0.0,0.2467672973871231,0.0,0.0,144.30015563964844,0.0,0.0,155.0913543701172,0.0,0.0,0.0030946326442062855,0.0,0.0,99.75428771972656,0.0,0.0,5020104.5,0.0,0.0,4994565.5,0.0,0.0,717593728.0,0.0,0.0,737359296.0,0.0,0.0,597893.5625,0.0,0.0,531174.875,0.0,0.0,7964388.5,0.0,0.0,5617998.5,0.0,0.0,5014048.5,0.0,0.0,6056.06494140625,0.0,0.0,53986440.0,0.0,0.0,663607296.0,0.0,0.0,0.0,16000.0,0.0,0.0,16579.291015625,0.0,0.0,16000.0,0.0,0.0,0.0,0.0,0.0,0.0,0.0,0.0,0.0,0.0,0.0,54727.46875,0.0,0.0,8781615.0,0.0,0.0,12787.212890625,0.0,0.0,0.0,0.0,0.0,0.0,0.0,0.0,0.0,3638.21240234375,1489.2049560546875,0.0,1383.08154296875,2742.545166015625,0.0,0.0,0.0,0.0,0.0,0.0,3792.61279296875,1511.0361328125,0.0,1378.89794921875,2936.1435546875,0.0,0.0,0.0,0.0,0.0,0.0,554322.0,212532.640625,0.0,213656.046875,354705.03125,0.0,0.0,0.0,0.0,0.0,0.0,633460.8125,236356.109375,0.0,225310.59375,396648.28125,0.0,0.0,0.0,0.0,0.0,0.0,691.0223999023438,830.0616455078125,0.0,1227.5289306640625,1383.389404296875,0.0,0.0,0.0,0.0,0.0,0.0,207.38722229003906,703.1920166015625,0.0,1176.7528076171875,1063.8564453125,0.0,0.0,0.0,0.0,0.0,0.0,4329.23486328125,2319.2666015625,0.0,2610.610595703125,4125.9345703125,0.0,0.0,0.0,0.0,0.0,0.0,4000.0,2214.22802734375,0.0,2555.65087890625,4000.0,0.0,0.0,0.0,0.0,0.0,0.0,2110249.0,1011077.625,0.0,892004.8125,1006773.375,0.0,0.0,0.0,0.0,0.0,0.0,55998.28125,216725.96875,0.0,202797.640625,122371.6875,0.0,0.0,0.0,0.0,0.0,0.0,293683680.0,142927808.0,0.0,147797152.0,133185096.0,0.0,0.0,0.0,0.0,0.0,0.0,2139904.5,967344.1875,0.0,862628.6875,1024688.3125,0.0,0.0,0.0,0.0,0.0,0.0,12095.6044921875,238231.875,0.0,193535.734375,87311.6953125,0.0,0.0,0.0,0.0,0.0,0.0,297482368.0,145478416.0,0.0,155372208.0,139026288.0,0.0,0.0,0.0,0.0,0.0,0.0,0.15961767733097076,0.3578983247280121,0.0,0.4702076017856598,0.33529114723205566,0.0,0.0,0.0,0.0,0.0,0.0,0.05184680595993996,0.31757885217666626,0.0,0.46045130491256714,0.2659641206264496,0.0,0.0,0.0,0.0,0.0,0.0,152.361083984375,142.7154998779297,0.0,154.478271484375,129.33425903320312,0.0,0.0,0.0,0.0,0.0,0.0,167.02491760253906,156.41989135742188,0.0,163.39903259277344,135.09158325195312,0.0,0.0,0.0,0.0,0.0,0.0,0.0,0.0,8000.0,0.0,0.0,8000.0,0.0,0.0,0.0,0.0,0.0,0.0,0.0,8000.0,0.0,0.0,8000.0,0.0,0.0,0.0,0.0,0.0,0.0,0.0,0.0,0.0,0.0,0.0,0.0,0.0,0.0,0.0,0.0,0.0,0.0,0.0,0.0,0.0,0.0,0.0,0.0,0.0,0.0,0.0,0.0,0.0,3320000.0,0.0,0.0,1776000.0,0.0,0.0,0.0,0.0,0.0,0.0,0.0,3320000.0,0.0,0.0,1776000.0,0.0,0.0,0.0,0.0,0.0,0.0,0.0,0.0,0.0,0.0,0.0,0.0,0.0,0.0,0.0,0.0,0.0,0.0,0.0,0.0,0.0,0.0,0.0,0.0,0.0,0.0,0.0,193.21539306640625,186.94158935546875,349.2333068847656,166.15365600585938,231.8238983154297,361.4433288574219,0.0,0.0,0.0,0.0,0.0,0.0,0.0,0.0,0.0,0.0,0.0,0.0,0.0,0.0,0.0,0.0,115.6837387084961,19.47116470336914,308.2874755859375,42.74059295654297,3950.04833984375,155.7382354736328,0.0,0.0,0.0,0.0,0.0,6238.44921875,3051.658935546875,0.0,3385.385498046875,5315.88134765625,0.0,271.0160827636719,211.8828125,238.66831970214844,324.6274108886719,312.4751892089844,229.7032012939453,263.4411315917969,323.29241943359375,209.35064697265625,237.9088897705078,310.0751647949219,275.11407470703125,215.69512939453125,242.58224487304688,316.92791748046875,303.8922424316406,234.58489990234375,270.2478332519531,315.5430908203125,212.97874450683594,241.32684326171875,301.6300354003906,273.32318115234375,214.13418579101562,241.22100830078125,320.2391662597656,307.54986572265625,232.55392456054688,267.2546081542969,318.8836669921875,211.4798583984375,240.1553955078125,305.2392578125,0.0,0.0,0.0,0.0,0.0,5.0,5.0,2.0,5.0,5.0,2.0,3.0,3.0,3.0,3.0,3.0,1.0,1.0,2.0,1.0,1.0,2.0,0.0,0.0,0.0,0.0,0.0,0.0,0.0,0.0,0.0,0.0,0.0,0.0,0.0,0.0,0.0,0.0,0.0,0.0,0.0,0.0,0.0,0.0,0.0,0.0,0.0,0.0,0.0,0.14659035205841064,5.394844161802265e-17,0.0,0.0,0.0,0.0,0.0,0.0,0.0,0.0,0.0,0.0,1.3166001492162516e-12,0.0,2.8545813282598864e-11,0.0,0.0,0.0,0.0,0.0,0.0,0.0,5.699283599853516,1.0657837586848149e-15,0.0,0.0,0.0,0.0,0.0,0.0,0.0,0.0,0.0,0.0,2.548337929564326e-11,0.0,6.24738427656979e-10,0.0,0.0,0.0,0.0,0.0,0.0,0.0,0.00021213544823694974,6.499329325065331e-20,0.0,0.0,0.0,0.0,0.0,0.0,0.0,0.0,0.0,0.0,1.5861473325230616e-15,0.0,2.3254698337869632e-14,0.0,0.0,0.0,0.0,0.0,0.0,0.0,0.0,0.0,0.0,0.0,0.0,0.0,0.0,0.0,0.0,0.0,0.0,0.0,0.0,0.0,0.0,0.0,0.0,0.0,0.0,0.0,0.0,0.0,0.0,0.0,25000.0,0.0,0.0,0.0,0.0,0.0,0.0,0.0,0.0,0.0,0.0,0.0,0.0,0.0,25000.0,0.0,0.0,0.0,0.0,0.0,0.0,0.0,0.0,0.0,0.0,0.0,0.0,0.0,0.0,0.0,0.0,0.0,0.0,0.0,0.0,0.0,0.0,116.85000610351562,0.2200000137090683
2019-08-01,1.5797399282455444,8794.091796875,9214.0263671875,1306797.0,1467663.625,4589.97607421875,3543.60009765625,13384.068359375,12757.626953125,17974.83203125,8770.5703125,23.52153205871582,1306797.0,202092.0625,1104705.0,51880.7109375,13925.7529296875,8870211.0,4.0,2.0,16579.7265625,16000.0,16000.0,0.0,0.0,0.0,0.0,8521844.0,5297851.5,5285514.5,735293.3125,635854.75,758395136.0,783192768.0,5592000.0,5592000.0,0.0,0.0,5291114.5,6736.66748046875,486789664.0,36069156.0,6034650624.0,0.3429432809352875,0.2777632772922516,148.59942626953125,159.28579711914062,97.63825225830078,0.003512386465445161,257.30517578125,284.178466796875,255.1446533203125,280.8626403808594,285.364013671875,193.70254516601562,243.39443969726562,276.4454040527344,287.1462097167969,280.25433349609375,283.96417236328125,287.9979248046875,169.3029022216797,255.62173461914062,300.391357421875,287.8780517578125,275.57135009765625,288.48614501953125,283.9765930175781,243.25132751464844,249.0826416015625,271.1824951171875,341778.28125,5704692.0,2690544.25,212598.359375,1052428.125,7130434.0,58444.09375,159793.140625,1631226.5,1613354.875,230155.890625,730334.875,3409977.5,-0.004965414293110371,30842.185546875,3025941.0,368481.15625,300045.28125,907009.6875,6471075.5,-0.14444787800312042,-0.04594711586833,0.11341992765665054,0.2268282026052475,0.06176300719380379,0.07027442753314972,0.08962461352348328,0.03546741604804993,-0.01894521526992321,0.09202532470226288,0.07403784245252609,0.0158944483846426,0.09916079789400101,0.17232371866703033,0.0,0.029025882482528687,0.016410650685429573,-5.370212602429092e-05,-0.005763809196650982,0.2631927728652954,0.19192002713680267,0.0,335127.375,5698399.5,2689770.25,158810.0,1049349.875,7114841.5,58444.09375,156244.046875,1631225.5,1613354.875,179985.234375,728070.5,3406561.0,-0.004980497062206268,30761.669921875,3025941.0,368481.15625,285935.8125,905414.125,6462683.0,-0.14413002133369446,6650.91015625,6292.603515625,773.9778442382812,53788.3671875,3078.231201171875,15592.5380859375,9.459505963604897e-05,3549.091552734375,0.9947189688682556,-0.0005099137197248638,50170.6484375,2264.40869140625,3416.339599609375,1.5082538993738126e-05,80.51555633544922,-0.0007001625490374863,0.000354909774614498,14109.4658203125,1595.6171875,8392.439453125,-0.00031785405008122325,82291136.0,807958272.0,386479904.0,443093696.0,136132768.0,1002159040.0,8230099.0,40299548.0,229709872.0,227194592.0,406287392.0,90333632.0,481917472.0,-0.6992725729942322,4973163.0,426112992.0,51889476.0,162174112.0,128571192.0,918842368.0,-23.17582893371582,50194168.0,766563968.0,382657152.0,29695178.0,107059520.0,881619584.0,8230098.5,23561558.0,229703856.0,227194592.0,33677596.0,64486752.0,460173216.0,-0.7735775113105774,4595449.5,426112992.0,51889476.0,52310036.0,117933216.0,865591680.0,-21.512252807617188,32096970.0,41394344.0,3822739.25,413398496.0,29073256.0,120539448.0,0.4431833028793335,16737991.0,6014.1796875,-2.3701441287994385,372609792.0,25846884.0,21744268.0,0.07430492341518402,377713.34375,-3.2137322425842285,1.6862540245056152,109864072.0,10637972.0,53250700.0,-1.6635770797729492,0.0,151416.6875,207956.078125,0.0,65829.21875,291798.15625,0.0,0.0,0.0,0.0,0.0,13790.236328125,220218.390625,0.0,0.0,0.0,0.0,0.0,126155.15625,229629.703125,0.0,0.0,56890936.0,149428160.0,0.0,37846488.0,86775800.0,0.0,0.0,0.0,0.0,0.0,24173076.0,112156232.0,0.0,0.0,0.0,0.0,0.0,92250888.0,198873360.0,0.0,0.0,4.0,0.0,0.0,0.0,2.0,0.0,0.0,0.0,0.0,8794.091796875,0.0,0.0,9214.0263671875,0.0,0.0,1306797.0,0.0,0.0,1467663.625,0.0,0.0,4589.97607421875,0.0,0.0,3543.60009765625,0.0,0.0,17974.83203125,0.0,0.0,13384.068359375,0.0,0.0,8770.5703125,0.0,0.0,23.52153205871582,0.0,0.0,202092.0625,0.0,0.0,1104705.0,0.0,0.0,0.3429432809352875,0.0,0.0,0.2777632772922516,0.0,0.0,148.59942626953125,0.0,0.0,159.28579711914062,0.0,0.0,0.003512386465445161,0.0,0.0,97.63825225830078,0.0,0.0,5297851.5,0.0,0.0,5285514.5,0.0,0.0,758395136.0,0.0,0.0,783192768.0,0.0,0.0,735293.3125,0.0,0.0,635854.75,0.0,0.0,8521844.0,0.0,0.0,6033144.5,0.0,0.0,5291114.5,0.0,0.0,6736.66748046875,0.0,0.0,59804020.0,0.0,0.0,698591104.0,0.0,0.0,0.0,16000.0,0.0,0.0,16579.7265625,0.0,0.0,16000.0,0.0,0.0,0.0,0.0,0.0,0.0,0.0,0.0,0.0,0.0,0.0,51880.7109375,0.0,0.0,8870211.0,0.0,0.0,13925.7529296875,0.0,0.0,0.0,0.0,0.0,0.0,0.0,0.0,0.0,3507.866943359375,1455.85595703125,0.0,1347.397216796875,2482.9716796875,0.0,0.0,0.0,0.0,0.0,0.0,3749.530029296875,1485.08544921875,0.0,1342.2264404296875,2637.1845703125,0.0,0.0,0.0,0.0,0.0,0.0,572251.9375,207956.078125,0.0,205774.609375,320814.40625,0.0,0.0,0.0,0.0,0.0,0.0,660348.75,232329.515625,0.0,219064.28125,355921.03125,0.0,0.0,0.0,0.0,0.0,0.0,842.557861328125,854.0731201171875,0.0,1269.1990966796875,1624.1461181640625,0.0,0.0,0.0,0.0,0.0,0.0,250.4698944091797,718.8313598632812,0.0,1211.4835205078125,1362.8154296875,0.0,0.0,0.0,0.0,0.0,0.0,4350.4248046875,2309.92919921875,0.0,2616.596435546875,4107.1181640625,0.0,0.0,0.0,0.0,0.0,0.0,4000.0,2203.916748046875,0.0,2553.7099609375,4000.0,0.0,0.0,0.0,0.0,0.0,0.0,2220473.75,1056599.0,0.0,934161.5,1086617.25,0.0,0.0,0.0,0.0,0.0,0.0,80360.7109375,242947.671875,0.0,241699.59375,170285.359375,0.0,0.0,0.0,0.0,0.0,0.0,311190464.0,149428160.0,0.0,154270448.0,143506080.0,0.0,0.0,0.0,0.0,0.0,0.0,2256702.75,1013725.625,0.0,904689.375,1110396.625,0.0,0.0,0.0,0.0,0.0,0.0,19297.220703125,260308.53125,0.0,230645.609375,125603.421875,0.0,0.0,0.0,0.0,0.0,0.0,317615680.0,152732448.0,0.0,162248048.0,150596624.0,0.0,0.0,0.0,0.0,0.0,0.0,0.1936725527048111,0.36973997950553894,0.0,0.4850572645664215,0.39544668793678284,0.0,0.0,0.0,0.0,0.0,0.0,0.0626174733042717,0.32616084814071655,0.0,0.4744013845920563,0.3407038450241089,0.0,0.0,0.0,0.0,0.0,0.0,163.13388061523438,142.84109497070312,0.0,152.72007751464844,129.205810546875,0.0,0.0,0.0,0.0,0.0,0.0,176.1150665283203,156.4418487548828,0.0,163.20962524414062,134.96250915527344,0.0,0.0,0.0,0.0,0.0,0.0,0.0,0.0,8000.0,0.0,0.0,8000.0,0.0,0.0,0.0,0.0,0.0,0.0,0.0,8000.0,0.0,0.0,8000.0,0.0,0.0,0.0,0.0,0.0,0.0,0.0,0.0,0.0,0.0,0.0,0.0,0.0,0.0,0.0,0.0,0.0,0.0,0.0,0.0,0.0,0.0,0.0,0.0,0.0,0.0,0.0,0.0,0.0,3568000.0,0.0,0.0,2024000.0,0.0,0.0,0.0,0.0,0.0,0.0,0.0,3568000.0,0.0,0.0,2024000.0,0.0,0.0,0.0,0.0,0.0,0.0,0.0,0.0,0.0,0.0,0.0,0.0,0.0,0.0,0.0,0.0,0.0,0.0,0.0,0.0,0.0,0.0,0.0,0.0,0.0,0.0,0.0,187.28797912597656,186.19140625,349.4326477050781,165.79054260253906,231.86813354492188,361.79205322265625,0.0,0.0,0.0,0.0,0.0,0.0,0.0,0.0,0.0,0.0,0.0,0.0,0.0,0.0,0.0,0.0,107.19070434570312,18.776321411132812,308.283935546875,42.03382110595703,3830.435791015625,155.73507690429688,0.0,0.0,0.0,0.0,0.0,6383.18994140625,3029.859619140625,0.0,3364.216552734375,5197.56591796875,0.0,271.31610107421875,211.6953582763672,238.71092224121094,324.8273620605469,312.8227233886719,226.86187744140625,263.7434997558594,323.49163818359375,209.14060974121094,237.93466186523438,310.4228515625,275.396728515625,215.5406036376953,242.60903930664062,317.1548156738281,304.239013671875,232.1531524658203,270.5203857421875,315.76898193359375,212.8004913330078,241.3269500732422,301.9770202636719,273.61370849609375,213.9638671875,241.2533416748047,320.4568786621094,307.89697265625,229.9429931640625,267.54010009765625,319.1004943847656,211.28594970703125,240.16482543945312,305.5865478515625,0.0,0.0,0.0,0.0,0.0,5.0,5.0,2.0,5.0,5.0,2.0,3.0,3.0,3.0,3.0,3.0,1.0,1.0,2.0,1.0,1.0,2.0,0.0,0.0,0.0,0.0,0.0,0.0,0.0,0.0,0.0,0.0,0.0,0.0,0.0,0.0,0.0,0.0,0.0,0.0,0.0,0.0,0.0,0.0,0.0,0.0,0.0,0.0,0.0,0.29134345054626465,4.687248984231579e-16,0.0,0.0,0.0,0.0,0.0,0.0,0.0,0.0,0.0,0.0,1.0110768992876995e-11,0.0,1.5166250200149278e-10,0.0,0.0,0.0,0.0,0.0,0.0,0.0,12.864095687866211,9.262583105032474e-15,0.0,0.0,0.0,0.0,0.0,0.0,0.0,0.0,0.0,0.0,2.0775468845268819e-10,0.0,3.561018813158512e-09,0.0,0.0,0.0,0.0,0.0,0.0,0.0,0.0003457845014054328,5.488111753717824e-19,0.0,0.0,0.0,0.0,0.0,0.0,0.0,0.0,0.0,0.0,1.1838294254119027e-14,0.0,1.194946512616049e-13,0.0,0.0,0.0,0.0,0.0,0.0,0.0,0.0,0.0,0.0,0.0,0.0,0.0,0.0,0.0,0.0,0.0,0.0,0.0,0.0,0.0,0.0,0.0,0.0,0.0,0.0,0.0,0.0,0.0,0.0,0.0,25000.0,0.0,0.0,0.0,0.0,0.0,0.0,0.0,0.0,0.0,0.0,0.0,0.0,0.0,25000.0,0.0,0.0,0.0,0.0,0.0,0.0,0.0,0.0,0.0,0.0,0.0,0.0,0.0,0.0,0.0,0.0,0.0,0.0,0.0,0.0,0.0,0.0,121.74000549316406,0.16500000655651093
2019-09-01,1.6646132469177246,8396.66015625,8944.4892578125,1307345.75,1481279.875,5007.76513671875,3800.6044921875,13404.4248046875,12745.09375,18104.57421875,8367.27734375,29.382152557373047,1307345.75,260552.875,1046792.875,48613.90625,14839.6005859375,8933352.0,4.0,2.0,16580.119140625,16000.0,16000.0,0.0,0.0,0.0,0.0,9080573.0,5563310.5,5565907.5,884833.375,750718.0625,798805056.0,828747328.0,6088000.0,6088000.0,0.0,0.0,5555749.5,7561.23974609375,487136128.0,35803696.0,5994240512.0,0.3735904395580292,0.2982013523578644,155.6983184814453,165.60809326171875,97.53091430664062,0.0038304824847728014,256.6990661621094,284.4471130371094,255.29493713378906,281.1522521972656,285.6285095214844,193.1107635498047,239.82257080078125,276.5056457519531,287.41632080078125,280.4952087402344,284.1968994140625,288.27117919921875,168.54246520996094,255.8214874267578,300.5534973144531,288.1534423828125,275.7571105957031,288.7221374511719,284.2481994628906,243.41494750976562,248.93521118164062,271.3157958984375,342196.9375,5652853.0,2656596.75,212322.71875,1053993.625,7081495.0,58342.625,159778.84375,1618273.0,1606255.5,230021.09375,730323.4375,3366659.0,-0.00496832886710763,30728.2265625,3023089.25,369589.4375,300832.25,900858.125,6409488.0,-0.1440293788909912,-0.04722834378480911,0.12147633731365204,0.23658356070518494,0.06297951936721802,0.06889134645462036,0.09587284177541733,0.03714200109243393,-0.018854042515158653,0.09923551976680756,0.07811237871646881,0.016470832750201225,0.09917493909597397,0.1828380525112152,0.0,0.03261350840330124,0.017337583005428314,-0.0030615637078881264,-0.008401789702475071,0.2681899964809418,0.19961079955101013,0.0,335326.25,5646563.5,2655843.25,158467.71875,1050963.625,7065322.0,58342.625,156200.359375,1618272.0,1606255.625,179756.421875,728073.8125,3363233.5,-0.004983527585864067,30650.0859375,3023089.25,369589.40625,286680.0,899207.5625,6400993.0,-0.14371290802955627,6870.67822265625,6289.2412109375,753.5804443359375,53854.98828125,3030.09619140625,16173.279296875,9.536062862025574e-05,3578.477294921875,0.9600732922554016,-0.0005076273810118437,50264.6640625,2249.617919921875,3425.486328125,1.5198597793641966e-05,78.1409683227539,-0.0006005127215757966,0.000323877960909158,14152.263671875,1650.551025390625,8494.9775390625,-0.0003164679219480604,83352576.0,801144128.0,381632736.0,442298880.0,135617920.0,991438848.0,8215810.0,40412160.0,227885808.0,226194864.0,405819712.0,90007872.0,476204960.0,-0.6996830105781555,4946864.5,425711424.0,52045544.0,162345824.0,128224952.0,910739456.0,-23.117868423461914,50260212.0,759814528.0,377912640.0,29667992.0,106875912.0,861847808.0,8215809.5,23568020.0,227880016.0,226194880.0,33675288.0,64190412.0,454400608.0,-0.7744879722595215,4581026.0,425711424.0,52045544.0,52508176.0,117224056.0,856811968.0,-21.46319580078125,33092362.0,41329592.0,3720083.25,412630880.0,28742016.0,129591032.0,0.44547584652900696,16844142.0,5792.21923828125,-2.355175495147705,372144448.0,25817456.0,21804348.0,0.07480493187904358,365838.875,-2.7002480030059814,1.5363373756408691,109837648.0,11000898.0,53927472.0,-1.654672622680664,0.0,148032.59375,203992.6875,0.0,63268.96484375,365741.9375,0.0,0.0,0.0,0.0,0.0,10359.205078125,181129.828125,0.0,0.0,0.0,0.0,0.0,123859.8515625,210958.4375,0.0,0.0,61511012.0,155805488.0,0.0,39840692.0,97010696.0,0.0,0.0,0.0,0.0,0.0,24536992.0,118340160.0,0.0,0.0,0.0,0.0,0.0,96119992.0,205639712.0,0.0,0.0,4.0,0.0,0.0,0.0,2.0,0.0,0.0,0.0,0.0,8396.66015625,0.0,0.0,8944.4892578125,0.0,0.0,1307345.75,0.0,0.0,1481279.875,0.0,0.0,5007.76513671875,0.0,0.0,3800.6044921875,0.0,0.0,18104.57421875,0.0,0.0,13404.4248046875,0.0,0.0,8367.27734375,0.0,0.0,29.382152557373047,0.0,0.0,260552.875,0.0,0.0,1046792.875,0.0,0.0,0.3735904395580292,0.0,0.0,0.2982013523578644,0.0,0.0,155.6983184814453,0.0,0.0,165.60809326171875,0.0,0.0,0.0038304824847728014,0.0,0.0,97.53091430664062,0.0,0.0,5563310.5,0.0,0.0,5565907.5,0.0,0.0,798805056.0,0.0,0.0,828747328.0,0.0,0.0,884833.375,0.0,0.0,750718.0625,0.0,0.0,9080573.0,0.0,0.0,6448144.0,0.0,0.0,5555749.5,0.0,0.0,7561.23974609375,0.0,0.0,67004144.0,0.0,0.0,731800896.0,0.0,0.0,0.0,16000.0,0.0,0.0,16580.119140625,0.0,0.0,16000.0,0.0,0.0,0.0,0.0,0.0,0.0,0.0,0.0,0.0,0.0,0.0,48613.90625,0.0,0.0,8933352.0,0.0,0.0,14839.6005859375,0.0,0.0,0.0,0.0,0.0,0.0,0.0,0.0,0.0,3326.152587890625,1424.0819091796875,0.0,1318.8199462890625,2327.605224609375,0.0,0.0,0.0,0.0,0.0,0.0,3681.5224609375,1458.2978515625,0.0,1312.140625,2492.528564453125,0.0,0.0,0.0,0.0,0.0,0.0,605498.75,203992.6875,0.0,197488.015625,300366.28125,0.0,0.0,0.0,0.0,0.0,0.0,703226.25,228937.53125,0.0,212275.421875,336840.6875,0.0,0.0,0.0,0.0,0.0,0.0,1042.2459716796875,876.3651733398438,0.0,1303.800048828125,1785.3538818359375,0.0,0.0,0.0,0.0,0.0,0.0,318.4775390625,734.4949951171875,0.0,1240.1605224609375,1507.4713134765625,0.0,0.0,0.0,0.0,0.0,0.0,4368.3984375,2300.447021484375,0.0,2622.6201171875,4112.958984375,0.0,0.0,0.0,0.0,0.0,0.0,4000.0,2192.792724609375,0.0,2552.30126953125,3999.999755859375,0.0,0.0,0.0,0.0,0.0,0.0,2326128.25,1101150.125,0.0,975404.3125,1160627.875,0.0,0.0,0.0,0.0,0.0,0.0,109789.09375,269791.875,0.0,281663.0,223589.4375,0.0,0.0,0.0,0.0,0.0,0.0,329440192.0,155805488.0,0.0,160497680.0,153061680.0,0.0,0.0,0.0,0.0,0.0,0.0,2371850.25,1059246.375,0.0,945709.0625,1189101.75,0.0,0.0,0.0,0.0,0.0,0.0,28149.720703125,282895.09375,0.0,268775.03125,170898.21875,0.0,0.0,0.0,0.0,0.0,0.0,338745280.0,159868320.0,0.0,168906768.0,161226944.0,0.0,0.0,0.0,0.0,0.0,0.0,0.2385876476764679,0.3809542953968048,0.0,0.4971364736557007,0.4340801537036896,0.0,0.0,0.0,0.0,0.0,0.0,0.0796193853020668,0.33495867252349854,0.0,0.4858989417552948,0.3768678307533264,0.0,0.0,0.0,0.0,0.0,0.0,182.04177856445312,143.24505615234375,0.0,149.74600219726562,129.0452117919922,0.0,0.0,0.0,0.0,0.0,0.0,191.0150604248047,156.9895477294922,0.0,161.7779541015625,135.14015197753906,0.0,0.0,0.0,0.0,0.0,0.0,0.0,0.0,8000.0,0.0,0.0,8000.0,0.0,0.0,0.0,0.0,0.0,0.0,0.0,8000.0,0.0,0.0,8000.0,0.0,0.0,0.0,0.0,0.0,0.0,0.0,0.0,0.0,0.0,0.0,0.0,0.0,0.0,0.0,0.0,0.0,0.0,0.0,0.0,0.0,0.0,0.0,0.0,0.0,0.0,0.0,0.0,0.0,3816000.0,0.0,0.0,2272000.0,0.0,0.0,0.0,0.0,0.0,0.0,0.0,3816000.0,0.0,0.0,2272000.0,0.0,0.0,0.0,0.0,0.0,0.0,0.0,0.0,0.0,0.0,0.0,0.0,0.0,0.0,0.0,0.0,0.0,0.0,0.0,0.0,0.0,0.0,0.0,0.0,0.0,0.0,0.0,178.9838104248047,186.01654052734375,349.6413269042969,165.55923461914062,232.08145141601562,362.06988525390625,0.0,0.0,0.0,0.0,0.0,0.0,0.0,0.0,0.0,0.0,0.0,0.0,0.0,0.0,0.0,0.0,94.57562255859375,18.276851654052734,308.28021240234375,41.63566970825195,3771.01904296875,155.73257446289062,0.0,0.0,0.0,0.0,0.0,6611.1396484375,3010.244384765625,0.0,3339.079345703125,5144.111328125,0.0,271.5311584472656,211.6121063232422,238.9020538330078,325.0363464355469,313.099609375,223.9815216064453,263.94854736328125,323.70013427734375,209.03599548339844,238.11241149902344,310.6998596191406,275.5950927734375,215.4842987060547,242.7858428955078,317.3930358886719,304.5155334472656,229.58340454101562,270.6968994140625,316.00653076171875,212.7215576171875,241.48489379882812,302.253662109375,273.81976318359375,213.8948974609375,241.43508911132812,320.68157958984375,308.17364501953125,227.24526977539062,267.7290954589844,319.32470703125,211.194580078125,240.3297882080078,305.86334228515625,0.0,0.0,0.0,0.0,0.0,5.0,5.0,2.0,5.0,5.0,2.0,3.0,3.0,3.0,3.0,3.0,1.0,1.0,2.0,1.0,1.0,2.0,0.0,0.0,0.0,0.0,0.0,0.0,0.0,0.0,0.0,0.0,0.0,0.0,0.0,0.0,0.0,0.0,0.0,0.0,0.0,0.0,0.0,0.0,0.0,0.0,0.0,0.0,0.0,0.6873025894165039,2.7800290484914468e-15,0.0,0.0,0.0,0.0,0.0,0.0,0.0,0.0,0.0,0.0,4.97702851154358e-11,0.0,5.966919736088983e-10,0.0,0.0,0.0,0.0,0.0,0.0,0.0,27.672693252563477,5.428196751138849e-14,0.0,0.0,0.0,0.0,0.0,0.0,0.0,0.0,0.0,0.0,1.066216559486577e-09,0.0,1.4599327968767284e-08,0.0,0.0,0.0,0.0,0.0,0.0,0.0,0.0006594437290914357,3.1722266889977448e-18,0.0,0.0,0.0,0.0,0.0,0.0,0.0,0.0,0.0,0.0,5.679171596970761e-14,0.0,4.576560484748082e-13,0.0,0.0,0.0,0.0,0.0,0.0,0.0,0.0,0.0,0.0,0.0,0.0,0.0,0.0,0.0,0.0,0.0,0.0,0.0,0.0,0.0,0.0,0.0,0.0,0.0,0.0,0.0,0.0,0.0,0.0,0.0,25000.0,0.0,0.0,0.0,0.0,0.0,0.0,0.0,0.0,0.0,0.0,0.0,0.0,0.0,25000.0,0.0,0.0,0.0,0.0,0.0,0.0,0.0,0.0,0.0,0.0,0.0,0.0,0.0,0.0,0.0,0.0,0.0,0.0,0.0,0.0,0.0,0.0,127.33000946044922,0.16750000417232513
2019-10-01,1.7467488050460815,8016.5693359375,8667.654296875,1314686.625,1499613.75,5402.736328125,4063.85498046875,13419.3056640625,12731.5087890625,18255.90234375,7981.6962890625,34.873172760009766,1314686.625,321981.375,992705.25,46219.48046875,15658.8076171875,9114544.0,4.0,2.0,16580.42578125,16000.0,16000.0,0.0,0.0,0.0,0.0,9627857.0,5808430.5,5826936.5,1042717.6875,871684.125,838323648.0,873711232.0,6568000.0,6568000.0,0.0,0.0,5799869.5,8560.853515625,487458240.0,35558580.0,5954719232.0,0.4026092290878296,0.3191966414451599,163.9961700439453,173.01263427734375,97.96979522705078,0.004109524190425873,256.0979309082031,284.6893005371094,255.42877197265625,281.425537109375,285.877197265625,192.70237731933594,235.76283264160156,276.4944763183594,287.6578674316406,280.7005310058594,284.36480712890625,288.5198669433594,168.10623168945312,257.4384460449219,300.6517333984375,288.3671569824219,275.89227294921875,288.9064025878906,284.5020446777344,243.5474395751953,248.67601013183594,271.3944091796875,342636.0,5602983.0,2624680.75,212014.859375,1055552.875,7032760.5,58244.4453125,159768.109375,1605611.375,1599396.875,229893.984375,730422.75,3331977.75,-0.004966002888977528,30624.994140625,3020502.25,370629.15625,301628.34375,895576.6875,6353674.5,-0.1441790908575058,-0.048571981489658356,0.12922675907611847,0.2457551807165146,0.06433811783790588,0.06751393526792526,0.10209502279758453,0.03876231983304024,-0.018785588443279266,0.1062832772731781,0.08204881101846695,0.017014313489198685,0.09905243664979935,0.19125594198703766,0.0,0.03586346656084061,0.018178466707468033,-0.005883387755602598,-0.011070280335843563,0.2724803686141968,0.20658059418201447,0.0,335557.0,5596702.5,2623946.25,158098.921875,1052567.625,7016210.5,58244.4453125,156157.390625,1605610.375,1599396.875,179549.9375,728183.8125,3328898.0,-0.004981243517249823,30548.94140625,3020502.25,370629.15625,287436.09375,893875.375,6345023.5,-0.14386431872844696,7078.98095703125,6280.52783203125,734.4728393554688,53915.94140625,2985.31201171875,16550.07421875,9.43352933973074e-05,3610.7158203125,0.9405577182769775,-0.00050920998910442,50344.046875,2238.96875,3079.9345703125,1.5240669199556578e-05,76.05339050292969,-0.0006393250660039485,0.0003287855943199247,14192.2294921875,1701.2652587890625,8651.04296875,-0.00031476953881792724,84364024.0,794592896.0,377075168.0,441539360.0,135200240.0,978762112.0,8201984.5,40539752.0,226102848.0,225229040.0,405349824.0,89806200.0,471629312.0,-0.69935542345047,4923265.0,425347136.0,52191960.0,162516336.0,127944792.0,903403072.0,-23.13854217529297,50329264.0,753362560.0,373450912.0,29634426.0,106798424.0,840409536.0,8201984.0,23573158.0,226097168.0,225229040.0,33673192.0,64030164.0,452241376.0,-0.7743344902992249,4567757.0,425347136.0,52191960.0,52704512.0,116608176.0,848415872.0,-21.49381446838379,34034760.0,41230360.0,3624248.0,411904928.0,28401822.0,138352608.0,0.4387041926383972,16966594.0,5667.044921875,-2.359311103820801,371676608.0,25776034.0,19387920.0,0.07497904449701309,355508.375,-2.890080690383911,1.558292269706726,109811824.0,11336611.0,54987184.0,-1.6447261571884155,0.0,147281.546875,199984.46875,0.0,60981.15625,429656.125,0.0,0.0,0.0,0.0,0.0,7359.38916015625,149976.171875,0.0,0.0,0.0,0.0,0.0,122448.421875,196997.5625,0.0,0.0,65926284.0,161841200.0,0.0,41690692.0,109419080.0,0.0,0.0,0.0,0.0,0.0,24774824.0,123158912.0,0.0,0.0,0.0,0.0,0.0,99803824.0,211708512.0,0.0,0.0,4.0,0.0,0.0,0.0,2.0,0.0,0.0,0.0,0.0,8016.5693359375,0.0,0.0,8667.654296875,0.0,0.0,1314686.625,0.0,0.0,1499613.75,0.0,0.0,5402.736328125,0.0,0.0,4063.85498046875,0.0,0.0,18255.90234375,0.0,0.0,13419.3056640625,0.0,0.0,7981.6962890625,0.0,0.0,34.873172760009766,0.0,0.0,321981.375,0.0,0.0,992705.25,0.0,0.0,0.4026092290878296,0.0,0.0,0.3191966414451599,0.0,0.0,163.9961700439453,0.0,0.0,173.01263427734375,0.0,0.0,0.004109524190425873,0.0,0.0,97.96979522705078,0.0,0.0,5808430.5,0.0,0.0,5826936.5,0.0,0.0,838323648.0,0.0,0.0,873711232.0,0.0,0.0,1042717.6875,0.0,0.0,871684.125,0.0,0.0,9627857.0,0.0,0.0,6851148.0,0.0,0.0,5799869.5,0.0,0.0,8560.853515625,0.0,0.0,76110000.0,0.0,0.0,762213696.0,0.0,0.0,0.0,16000.0,0.0,0.0,16580.42578125,0.0,0.0,16000.0,0.0,0.0,0.0,0.0,0.0,0.0,0.0,0.0,0.0,0.0,0.0,46219.48046875,0.0,0.0,9114544.0,0.0,0.0,15658.8076171875,0.0,0.0,0.0,0.0,0.0,0.0,0.0,0.0,0.0,3097.3642578125,1395.7974853515625,0.0,1295.017822265625,2228.3896484375,0.0,0.0,0.0,0.0,0.0,0.0,3510.091552734375,1438.5643310546875,0.0,1291.6871337890625,2427.311279296875,0.0,0.0,0.0,0.0,0.0,0.0,636583.875,199984.46875,0.0,190788.96875,287329.34375,0.0,0.0,0.0,0.0,0.0,0.0,737026.5,226473.0,0.0,207513.453125,328600.78125,0.0,0.0,0.0,0.0,0.0,0.0,1270.358642578125,901.94189453125,0.0,1330.297607421875,1900.1383056640625,0.0,0.0,0.0,0.0,0.0,0.0,489.9085693359375,746.2503051757812,0.0,1255.0074462890625,1572.6885986328125,0.0,0.0,0.0,0.0,0.0,0.0,4367.72265625,2297.7392578125,0.0,2625.3154296875,4128.52783203125,0.0,0.0,0.0,0.0,0.0,0.0,4000.0,2184.814697265625,0.0,2546.694580078125,4000.0,0.0,0.0,0.0,0.0,0.0,0.0,2422263.75,1143282.625,0.0,1014465.125,1228419.0,0.0,0.0,0.0,0.0,0.0,0.0,145542.953125,296535.65625,0.0,321270.34375,279368.78125,0.0,0.0,0.0,0.0,0.0,0.0,348408288.0,161841200.0,0.0,166269344.0,161804848.0,0.0,0.0,0.0,0.0,0.0,0.0,2477794.25,1102472.25,0.0,984530.1875,1262139.875,0.0,0.0,0.0,0.0,0.0,0.0,42205.80078125,305241.46875,0.0,306376.8125,217860.0625,0.0,0.0,0.0,0.0,0.0,0.0,360778752.0,166671168.0,0.0,175148752.0,171112560.0,0.0,0.0,0.0,0.0,0.0,0.0,0.2908514738082886,0.392534464597702,0.0,0.5067191123962402,0.46024593710899353,0.0,0.0,0.0,0.0,0.0,0.0,0.12247714400291443,0.34156230092048645,0.0,0.4927985668182373,0.39317214488983154,0.0,0.0,0.0,0.0,0.0,0.0,205.52438354492188,143.27613830566406,0.0,147.3253631591797,128.94033813476562,0.0,0.0,0.0,0.0,0.0,0.0,209.9735870361328,157.42987060546875,0.0,160.6530303955078,135.37644958496094,0.0,0.0,0.0,0.0,0.0,0.0,0.0,0.0,8000.0,0.0,0.0,8000.0,0.0,0.0,0.0,0.0,0.0,0.0,0.0,8000.0,0.0,0.0,8000.0,0.0,0.0,0.0,0.0,0.0,0.0,0.0,0.0,0.0,0.0,0.0,0.0,0.0,0.0,0.0,0.0,0.0,0.0,0.0,0.0,0.0,0.0,0.0,0.0,0.0,0.0,0.0,0.0,0.0,4056000.0,0.0,0.0,2512000.0,0.0,0.0,0.0,0.0,0.0,0.0,0.0,4056000.0,0.0,0.0,2512000.0,0.0,0.0,0.0,0.0,0.0,0.0,0.0,0.0,0.0,0.0,0.0,0.0,0.0,0.0,0.0,0.0,0.0,0.0,0.0,0.0,0.0,0.0,0.0,0.0,0.0,0.0,0.0,171.69700622558594,185.61013793945312,349.9830017089844,165.48414611816406,232.21910095214844,362.28460693359375,0.0,0.0,0.0,0.0,0.0,0.0,0.0,0.0,0.0,0.0,0.0,0.0,0.0,0.0,0.0,0.0,85.93339538574219,17.80378532409668,308.27410888671875,41.423465728759766,3723.4775390625,155.7306365966797,0.0,0.0,0.0,0.0,0.0,6820.798828125,2996.21142578125,0.0,3316.5419921875,5122.349609375,0.0,271.639892578125,211.58609008789062,239.0245819091797,325.3777770996094,313.3136291503906,221.16029357910156,264.02349853515625,324.04144287109375,208.9951171875,238.224609375,310.9139404296875,275.6947937011719,215.48468017578125,242.90492248535156,317.76385498046875,304.7294616699219,226.94883728027344,270.7561340332031,316.3771057128906,212.7062225341797,241.5896453857422,302.4676818847656,273.92388916015625,213.88201904296875,241.55580139160156,321.03369140625,308.3876037597656,224.54150390625,267.7953186035156,319.67657470703125,211.16610717773438,240.4376983642578,306.077392578125,0.0,0.0,0.0,0.0,0.0,5.0,5.0,2.0,5.0,5.0,2.0,3.0,3.0,3.0,3.0,3.0,1.0,1.0,2.0,1.0,1.0,2.0,0.0,0.0,0.0,0.0,0.0,0.0,0.0,0.0,0.0,0.0,0.0,0.0,0.0,0.0,0.0,0.0,0.0,0.0,0.0,0.0,0.0,0.0,0.0,0.0,0.0,0.0,0.0,1.4790656566619873,2.2066685501434535e-14,0.0,0.0,0.0,0.0,0.0,0.0,0.0,0.0,0.0,0.0,2.563218248763377e-10,0.0,2.4669097875573698e-09,0.0,0.0,0.0,0.0,0.0,0.0,0.0,63.08063888549805,4.2926477802039675e-13,0.0,0.0,0.0,0.0,0.0,0.0,0.0,0.0,0.0,0.0,5.861531260364927e-09,0.0,6.299603683146415e-08,0.0,0.0,0.0,0.0,0.0,0.0,0.0,0.0011642897734418511,2.446575093369119e-17,0.0,0.0,0.0,0.0,0.0,0.0,0.0,0.0,0.0,0.0,2.8418885083744683e-13,0.0,1.8544044338292265e-12,0.0,0.0,0.0,0.0,0.0,0.0,0.0,0.0,0.0,0.0,0.0,0.0,0.0,0.0,0.0,0.0,0.0,0.0,0.0,0.0,0.0,0.0,0.0,0.0,0.0,0.0,0.0,0.0,0.0,0.0,0.0,25000.0,0.0,0.0,0.0,0.0,0.0,0.0,0.0,0.0,0.0,0.0,0.0,0.0,0.0,25000.0,0.0,0.0,0.0,0.0,0.0,0.0,0.0,0.0,0.0,0.0,0.0,0.0,0.0,0.0,0.0,0.0,0.0,0.0,0.0,0.0,0.0,0.0,132.42001342773438,0.14000000059604645
2019-11-01,1.8316221237182617,7521.3427734375,8222.23828125,1261242.125,1422678.5,5742.982421875,4472.79248046875,13264.3251953125,12695.03125,17969.1328125,7486.57958984375,34.763465881347656,1261242.125,331137.8125,930104.375,44729.17578125,16500.173828125,9331629.0,4.0,2.0,16580.8515625,16000.0,16000.0,0.0,0.0,0.0,0.0,10187540.0,6047028.0,6084698.5,1216530.375,1007751.9375,878003072.0,918467648.0,7064000.0,7064000.0,0.0,0.0,6037387.0,9640.5966796875,487780416.0,35319984.0,5915038208.0,0.4329645335674286,0.35232624411582947,167.6884307861328,173.0281219482422,95.08528900146484,0.004553433507680893,255.57223510742188,284.922607421875,255.56121826171875,281.756591796875,286.1222229003906,192.45346069335938,231.7892608642578,276.5154113769531,287.8935852050781,280.8970947265625,284.53216552734375,288.7666931152344,168.03036499023438,259.4884033203125,300.74755859375,288.5550842285156,275.998046875,289.06732177734375,284.7557678222656,243.73089599609375,248.50204467773438,271.4414367675781,343123.59375,5551671.5,2592614.75,211656.21875,1057246.0,6987372.0,58145.09765625,159760.96875,1592449.25,1592306.125,229765.234375,730624.1875,3300160.0,-0.004969351459294558,30525.73828125,3017975.0,371669.09375,302492.96875,890730.25,6299695.5,-0.1446065902709961,-0.05006416141986847,0.1372012197971344,0.25496986508369446,0.0659208819270134,0.06601820141077042,0.10788999497890472,0.04040193557739258,-0.01874006725847721,0.11360955238342285,0.0861184298992157,0.017564818263053894,0.09880398958921432,0.19897882640361786,0.0,0.038988273590803146,0.019000019878149033,-0.008705731481313705,-0.013968599028885365,0.2764173746109009,0.2133212387561798,0.0,335829.21875,5545398.0,2591901.0,157686.640625,1054305.875,6970662.5,58145.09765625,156111.921875,1592448.375,1592306.125,179349.640625,728390.75,3297537.75,-0.004984657280147076,30451.65625,3017975.0,371669.09375,288261.15625,888984.5,6290932.0,-0.14429359138011932,7294.37548828125,6273.37890625,713.6178588867188,53969.57421875,2940.169677734375,16709.458984375,0.00026342112687416375,3649.04443359375,0.9278174042701721,-0.0005391601589508355,50415.58984375,2233.424072265625,2622.22802734375,1.530587178422138e-05,74.08129119873047,-0.0011277934536337852,0.0004385679785627872,14231.82421875,1745.701416015625,8763.37890625,-0.0003130010736640543,85411392.0,787853120.0,372501632.0,440749632.0,134849920.0,965392000.0,8187995.0,40695240.0,224249408.0,224230544.0,404838176.0,89745352.0,467385152.0,-0.6998269557952881,4900730.5,424991232.0,52338404.0,162697968.0,127696176.0,896324416.0,-23.197633743286133,50401812.0,746712128.0,368982976.0,29594112.0,106827496.0,820071744.0,8187993.5,23577550.0,224243824.0,224230544.0,33672596.0,64018960.0,451122912.0,-0.7750899195671082,4554919.0,424991232.0,52338400.0,52913840.0,116071200.0,840572864.0,-21.562868118286133,35009580.0,41141016.0,3518665.25,411155520.0,28022426.0,145320224.0,1.4606084823608398,17117690.0,5585.0810546875,-2.4959895610809326,371165568.0,25726394.0,16262223.0,0.07526297122240067,345811.28125,-5.388699531555176,2.066875457763672,109784136.0,11624974.0,55751560.0,-1.634766697883606,0.0,145615.203125,195178.15625,0.0,57895.2109375,426753.625,0.0,0.0,0.0,0.0,0.0,1816.3646240234375,131863.328125,0.0,0.0,0.0,0.0,0.0,120457.5625,181661.328125,0.0,0.0,70451200.0,167941776.0,0.0,43517252.0,122711928.0,0.0,0.0,0.0,0.0,0.0,24872086.0,127431480.0,0.0,0.0,0.0,0.0,0.0,103559960.0,217517008.0,0.0,0.0,4.0,0.0,0.0,0.0,2.0,0.0,0.0,0.0,0.0,7521.3427734375,0.0,0.0,8222.23828125,0.0,0.0,1261242.125,0.0,0.0,1422678.5,0.0,0.0,5742.982421875,0.0,0.0,4472.79248046875,0.0,0.0,17969.1328125,0.0,0.0,13264.3251953125,0.0,0.0,7486.57958984375,0.0,0.0,34.763465881347656,0.0,0.0,331137.8125,0.0,0.0,930104.375,0.0,0.0,0.4329645335674286,0.0,0.0,0.35232624411582947,0.0,0.0,167.6884307861328,0.0,0.0,173.0281219482422,0.0,0.0,0.004553433507680893,0.0,0.0,95.08528900146484,0.0,0.0,6047028.0,0.0,0.0,6084698.5,0.0,0.0,878003072.0,0.0,0.0,918467648.0,0.0,0.0,1216530.375,0.0,0.0,1007751.9375,0.0,0.0,10187540.0,0.0,0.0,7263558.0,0.0,0.0,6037387.0,0.0,0.0,9640.5966796875,0.0,0.0,86268616.0,0.0,0.0,791734464.0,0.0,0.0,0.0,16000.0,0.0,0.0,16580.8515625,0.0,0.0,16000.0,0.0,0.0,0.0,0.0,0.0,0.0,0.0,0.0,0.0,0.0,0.0,44729.17578125,0.0,0.0,9331629.0,0.0,0.0,16500.173828125,0.0,0.0,0.0,0.0,0.0,0.0,0.0,0.0,0.0,2761.195068359375,1362.1837158203125,0.0,1263.85986328125,2134.104248046875,0.0,0.0,0.0,0.0,0.0,0.0,3234.2373046875,1405.2569580078125,0.0,1255.017822265625,2327.726318359375,0.0,0.0,0.0,0.0,0.0,0.0,610895.6875,195178.15625,0.0,180169.140625,274999.1875,0.0,0.0,0.0,0.0,0.0,0.0,686131.9375,222038.65625,0.0,198723.328125,315784.5625,0.0,0.0,0.0,0.0,0.0,0.0,1475.1875,924.9287719726562,0.0,1347.5072021484375,1995.35888671875,0.0,0.0,0.0,0.0,0.0,0.0,765.7627563476562,767.0450439453125,0.0,1267.7110595703125,1672.2735595703125,0.0,0.0,0.0,0.0,0.0,0.0,4236.3828125,2287.112548828125,0.0,2611.3671875,4129.462890625,0.0,0.0,0.0,0.0,0.0,0.0,4000.0,2172.302001953125,0.0,2522.728759765625,4000.0,0.0,0.0,0.0,0.0,0.0,0.0,2511610.0,1185864.375,0.0,1053948.25,1295605.125,0.0,0.0,0.0,0.0,0.0,0.0,188746.96875,324889.5625,0.0,362810.53125,340083.3125,0.0,0.0,0.0,0.0,0.0,0.0,367647936.0,167941776.0,0.0,171949296.0,170464080.0,0.0,0.0,0.0,0.0,0.0,0.0,2579659.0,1146282.5,0.0,1023708.8125,1335048.0,0.0,0.0,0.0,0.0,0.0,0.0,64341.03125,328859.75,0.0,345599.21875,268951.96875,0.0,0.0,0.0,0.0,0.0,0.0,382502752.0,173588160.0,0.0,181375696.0,181001056.0,0.0,0.0,0.0,0.0,0.0,0.0,0.3482186496257782,0.4044089615345001,0.0,0.5160160064697266,0.4832005798816681,0.0,0.0,0.0,0.0,0.0,0.0,0.19144068658351898,0.3531023859977722,0.0,0.5025157332420349,0.41806837916374207,0.0,0.0,0.0,0.0,0.0,0.0,221.24322509765625,143.2832794189453,0.0,142.5546875,128.8592987060547,0.0,0.0,0.0,0.0,0.0,0.0,212.1464385986328,158.0057373046875,0.0,158.34303283691406,135.6622314453125,0.0,0.0,0.0,0.0,0.0,0.0,0.0,0.0,8000.0,0.0,0.0,8000.0,0.0,0.0,0.0,0.0,0.0,0.0,0.0,8000.0,0.0,0.0,8000.0,0.0,0.0,0.0,0.0,0.0,0.0,0.0,0.0,0.0,0.0,0.0,0.0,0.0,0.0,0.0,0.0,0.0,0.0,0.0,0.0,0.0,0.0,0.0,0.0,0.0,0.0,0.0,0.0,0.0,4304000.0,0.0,0.0,2760000.0,0.0,0.0,0.0,0.0,0.0,0.0,0.0,4304000.0,0.0,0.0,2760000.0,0.0,0.0,0.0,0.0,0.0,0.0,0.0,0.0,0.0,0.0,0.0,0.0,0.0,0.0,0.0,0.0,0.0,0.0,0.0,0.0,0.0,0.0,0.0,0.0,0.0,0.0,0.0,168.5933837890625,185.62132263183594,350.4410705566406,165.88694763183594,232.38658142089844,362.4713134765625,0.0,0.0,0.0,0.0,0.0,0.0,0.0,0.0,0.0,0.0,0.0,0.0,0.0,0.0,0.0,0.0,81.37186431884766,17.34731674194336,308.2658996582031,41.355289459228516,3677.692138671875,155.7289581298828,0.0,0.0,0.0,0.0,0.0,6649.75244140625,2971.799560546875,0.0,3259.948486328125,5087.63134765625,0.0,271.78363037109375,211.7390899658203,239.14913940429688,325.835205078125,313.49969482421875,219.05160522460938,264.159423828125,324.4989013671875,209.12631225585938,238.33999633789062,311.10009765625,275.81536865234375,215.6392364501953,243.0206298828125,318.24871826171875,304.9155578613281,224.79603576660156,270.8529968261719,316.8619384765625,212.8372802734375,241.69268798828125,302.6539001464844,274.05499267578125,214.0352783203125,241.67530822753906,321.4979553222656,308.57373046875,222.41567993164062,267.90924072265625,320.1407775878906,211.2962646484375,240.54588317871094,306.26361083984375,0.0,0.0,0.0,0.0,0.0,5.0,5.0,2.0,5.0,5.0,2.0,3.0,3.0,3.0,3.0,3.0,1.0,1.0,2.0,1.0,1.0,2.0,0.0,0.0,0.0,0.0,0.0,0.0,0.0,0.0,0.0,0.0,0.0,0.0,0.0,0.0,0.0,0.0,0.0,0.0,0.0,0.0,0.0,0.0,0.0,0.0,0.0,0.0,0.0,2.377424955368042,1.6601862029216874e-13,0.0,0.0,0.0,0.0,0.0,0.0,0.0,0.0,0.0,0.0,1.1112372133581516e-09,0.0,9.2732586054467e-09,0.0,0.0,0.0,0.0,0.0,0.0,0.0,125.80988311767578,3.137785821102912e-12,0.0,0.0,0.0,0.0,0.0,0.0,0.0,0.0,0.0,0.0,2.7044620765082072e-08,0.0,2.465895931891282e-07,0.0,0.0,0.0,0.0,0.0,0.0,0.0,0.0016116087790578604,1.794934151287889e-16,0.0,0.0,0.0,0.0,0.0,0.0,0.0,0.0,0.0,0.0,1.2014301229226754e-12,0.0,6.88178767443981e-12,0.0,0.0,0.0,0.0,0.0,0.0,0.0,0.0,0.0,0.0,0.0,0.0,0.0,0.0,0.0,0.0,0.0,0.0,0.0,0.0,0.0,0.0,0.0,0.0,0.0,0.0,0.0,0.0,0.0,0.0,0.0,25000.0,0.0,0.0,0.0,0.0,0.0,0.0,0.0,0.0,0.0,0.0,0.0,0.0,0.0,25000.0,0.0,0.0,0.0,0.0,0.0,0.0,0.0,0.0,0.0,0.0,0.0,0.0,0.0,0.0,0.0,0.0,0.0,0.0,0.0,0.0,0.0,0.0,137.22000122070312,0.14666667580604553
2019-12-01,1.9137576818466187,7102.13232421875,7869.38720703125,1191033.5,1325538.5,6010.06689453125,4813.2158203125,13112.19921875,12682.603515625,17582.62109375,7070.1474609375,31.98525619506836,1191033.5,311192.75,879840.8125,43454.3125,17294.24609375,8544807.0,4.0,2.0,16581.193359375,16000.0,16000.0,0.0,0.0,0.0,0.0,10700923.0,6258592.5,6317374.0,1387582.125,1143773.875,913063744.0,957688192.0,7528000.0,7528000.0,0.0,0.0,6248036.5,10555.5859375,488073376.0,35108420.0,5879976448.0,0.4583568871021271,0.3795132339000702,167.70083618164062,168.44241333007812,90.83399963378906,0.005046093370765448,255.21380615234375,285.0732116699219,255.83956909179688,281.85406494140625,286.2815246582031,192.59857177734375,228.71485900878906,276.46148681640625,288.0126953125,280.9810791015625,284.5397644042969,288.89788818359375,168.57681274414062,261.12457275390625,300.723388671875,288.54766845703125,276.01153564453125,289.0577697753906,284.88360595703125,243.9623260498047,248.5386505126953,271.473876953125,343637.4375,5503484.0,2563108.25,211258.65625,1059258.125,6951321.5,58050.71875,159762.46875,1579939.625,1585554.75,229639.46875,731373.875,3271541.25,-0.004972318187355995,30447.798828125,3015731.5,372578.03125,303312.03125,886535.8125,6251884.0,-0.14482511579990387,-0.05163674056529999,0.1446901112794876,0.2634490132331848,0.06767536699771881,0.06424068659543991,0.11249271035194397,0.04195950925350189,-0.018749646842479706,0.12057265639305115,0.08999329805374146,0.01810254342854023,0.09787923842668533,0.20592519640922546,0.0,0.041441917419433594,0.01972920633852482,-0.01117260754108429,-0.016714055091142654,0.27982470393180847,0.21929173171520233,0.0,336143.0,5497296.5,2562411.5,157281.453125,1056365.375,6934611.5,58050.71875,156067.015625,1579938.75,1585554.75,179222.203125,729153.875,3269310.5,-0.004987605847418308,30375.15625,3015731.75,372578.03125,289058.65625,884752.75,6243123.5,-0.1445130705833435,7494.4443359375,6187.54638671875,696.8140869140625,53977.2109375,2892.712890625,16710.16015625,0.00027156496071256697,3695.454345703125,0.8964929580688477,-0.0005139153799973428,50417.265625,2220.002197265625,2230.765869140625,1.5287576388800517e-05,72.64391326904297,-0.001105892937630415,0.0004474626330193132,14253.3759765625,1783.0413818359375,8760.4814453125,-0.0003120503097306937,86449592.0,781524352.0,368298368.0,439963232.0,134659920.0,954211584.0,8174705.0,40897016.0,222487856.0,223279824.0,404283360.0,89774448.0,463520480.0,-0.700244665145874,4882921.0,424675328.0,52466400.0,162869840.0,127500584.0,890056768.0,-23.227827072143555,50521220.0,741073664.0,364858592.0,29535574.0,107120872.0,804917568.0,8174703.5,23576938.0,222482464.0,223279824.0,33666132.0,64300484.0,449868608.0,-0.7754361033439636,4543811.5,424675328.0,52466400.0,53088984.0,115643192.0,834360320.0,-21.598390579223633,35928376.0,40450696.0,3439769.25,410427648.0,27539042.0,149293968.0,1.505106806755066,17320076.0,5386.01220703125,-2.377938747406006,370617216.0,25473964.0,13651873.0,0.07519140094518661,339109.375,-5.292899131774902,2.105193853378296,109780856.0,11857394.0,55696472.0,-1.629436731338501,0.0,144408.578125,191283.515625,0.0,55255.42578125,391059.03125,0.0,0.0,0.0,0.0,0.0,1473.34716796875,120883.3984375,0.0,0.0,0.0,0.0,0.0,119181.1484375,167487.921875,0.0,0.0,74665096.0,173565616.0,0.0,45134504.0,133986944.0,0.0,0.0,0.0,0.0,0.0,24877272.0,131130944.0,0.0,0.0,0.0,0.0,0.0,107108424.0,222594496.0,0.0,0.0,4.0,0.0,0.0,0.0,2.0,0.0,0.0,0.0,0.0,7102.13232421875,0.0,0.0,7869.38720703125,0.0,0.0,1191033.5,0.0,0.0,1325538.5,0.0,0.0,6010.06689453125,0.0,0.0,4813.2158203125,0.0,0.0,17582.62109375,0.0,0.0,13112.19921875,0.0,0.0,7070.1474609375,0.0,0.0,31.98525619506836,0.0,0.0,311192.75,0.0,0.0,879840.8125,0.0,0.0,0.4583568871021271,0.0,0.0,0.3795132339000702,0.0,0.0,167.70083618164062,0.0,0.0,168.44241333007812,0.0,0.0,0.005046093370765448,0.0,0.0,90.83399963378906,0.0,0.0,6258592.5,0.0,0.0,6317374.0,0.0,0.0,913063744.0,0.0,0.0,957688192.0,0.0,0.0,1387582.125,0.0,0.0,1143773.875,0.0,0.0,10700923.0,0.0,0.0,7646174.5,0.0,0.0,6248036.5,0.0,0.0,10555.5859375,0.0,0.0,95079304.0,0.0,0.0,817984448.0,0.0,0.0,0.0,16000.0,0.0,0.0,16581.193359375,0.0,0.0,16000.0,0.0,0.0,0.0,0.0,0.0,0.0,0.0,0.0,0.0,0.0,0.0,43454.3125,0.0,0.0,8544807.0,0.0,0.0,17294.24609375,0.0,0.0,0.0,0.0,0.0,0.0,0.0,0.0,0.0,2470.157470703125,1334.40771484375,0.0,1245.6708984375,2051.896728515625,0.0,0.0,0.0,0.0,0.0,0.0,3048.0283203125,1377.62744140625,0.0,1237.1136474609375,2206.617919921875,0.0,0.0,0.0,0.0,0.0,0.0,559524.25,191283.515625,0.0,175909.921875,264315.875,0.0,0.0,0.0,0.0,0.0,0.0,614447.5625,218735.34375,0.0,193865.546875,298490.09375,0.0,0.0,0.0,0.0,0.0,0.0,1646.3590087890625,948.3084106445312,0.0,1357.84619140625,2057.552978515625,0.0,0.0,0.0,0.0,0.0,0.0,951.9716186523438,787.3724975585938,0.0,1280.4898681640625,1793.3819580078125,0.0,0.0,0.0,0.0,0.0,0.0,4116.5166015625,2282.716064453125,0.0,2603.51708984375,4109.44970703125,0.0,0.0,0.0,0.0,0.0,0.0,4000.0,2165.0,0.0,2517.603515625,4000.0,0.0,0.0,0.0,0.0,0.0,0.0,2586701.5,1225100.75,0.0,1090422.5,1356367.5,0.0,0.0,0.0,0.0,0.0,0.0,234598.34375,352187.65625,0.0,402186.46875,398609.625,0.0,0.0,0.0,0.0,0.0,0.0,384083264.0,173565616.0,0.0,177120208.0,178294640.0,0.0,0.0,0.0,0.0,0.0,0.0,2670074.5,1186739.5,0.0,1060033.375,1400526.5,0.0,0.0,0.0,0.0,0.0,0.0,89925.3984375,351543.8125,0.0,382831.15625,319473.53125,0.0,0.0,0.0,0.0,0.0,0.0,400792384.0,180002512.0,0.0,187030352.0,189862944.0,0.0,0.0,0.0,0.0,0.0,0.0,0.3999398648738861,0.41542986035346985,0.0,0.521543025970459,0.5006881952285767,0.0,0.0,0.0,0.0,0.0,0.0,0.23799289762973785,0.36368244886398315,0.0,0.5086145997047424,0.44834548234939575,0.0,0.0,0.0,0.0,0.0,0.0,226.5135955810547,143.3471221923828,0.0,141.21701049804688,128.81539916992188,0.0,0.0,0.0,0.0,0.0,0.0,201.58853149414062,158.77685546875,0.0,156.70794677734375,135.27040100097656,0.0,0.0,0.0,0.0,0.0,0.0,0.0,0.0,8000.0,0.0,0.0,8000.0,0.0,0.0,0.0,0.0,0.0,0.0,0.0,8000.0,0.0,0.0,8000.0,0.0,0.0,0.0,0.0,0.0,0.0,0.0,0.0,0.0,0.0,0.0,0.0,0.0,0.0,0.0,0.0,0.0,0.0,0.0,0.0,0.0,0.0,0.0,0.0,0.0,0.0,0.0,0.0,0.0,4536000.0,0.0,0.0,2992000.0,0.0,0.0,0.0,0.0,0.0,0.0,0.0,4536000.0,0.0,0.0,2992000.0,0.0,0.0,0.0,0.0,0.0,0.0,0.0,0.0,0.0,0.0,0.0,0.0,0.0,0.0,0.0,0.0,0.0,0.0,0.0,0.0,0.0,0.0,0.0,0.0,0.0,0.0,0.0,167.27178955078125,185.2671356201172,350.46435546875,166.43002319335938,232.90040588378906,362.4763488769531,0.0,0.0,0.0,0.0,0.0,0.0,0.0,0.0,0.0,0.0,0.0,0.0,0.0,0.0,0.0,0.0,77.1535873413086,16.92984962463379,308.2478942871094,40.49888610839844,3538.3330078125,155.72891235351562,0.0,0.0,0.0,0.0,0.0,6353.65380859375,2956.364990234375,0.0,3236.696044921875,5035.90673828125,0.0,271.74835205078125,212.10540771484375,239.56443786621094,325.8569641113281,313.50469970703125,217.7544708251953,264.1004333496094,324.5210876464844,209.48544311523438,238.74668884277344,311.1051330566406,275.76593017578125,216.0023956298828,243.39352416992188,318.30718994140625,304.9214172363281,223.40782165527344,270.7699890136719,316.9207763671875,213.1927490234375,242.05686950683594,302.6597595214844,274.0121765136719,214.39837646484375,242.0630645751953,321.53326416015625,308.5792541503906,221.07162475585938,267.8368225097656,320.176513671875,211.651611328125,240.92481994628906,306.2691650390625,0.0,0.0,0.0,0.0,0.0,5.0,5.0,2.0,5.0,5.0,2.0,3.0,3.0,3.0,3.0,3.0,1.0,1.0,2.0,1.0,1.0,2.0,0.0,0.0,0.0,0.0,0.0,0.0,0.0,0.0,0.0,0.0,0.0,0.0,0.0,0.0,0.0,0.0,0.0,0.0,0.0,0.0,0.0,0.0,0.0,0.0,0.0,0.0,0.0,3.1402523517608643,1.214710840594102e-12,0.0,0.0,0.0,0.0,0.0,0.0,0.0,0.0,0.0,0.0,3.819088600920395e-09,0.0,2.949115796013757e-08,0.0,0.0,0.0,0.0,0.0,0.0,0.0,208.11233520507812,2.1032021610412066e-11,0.0,0.0,0.0,0.0,0.0,0.0,0.0,0.0,0.0,0.0,9.80117320636964e-08,0.0,8.109969371616899e-07,0.0,0.0,0.0,0.0,0.0,0.0,0.0,0.0019073921721428633,1.2809237745403028e-15,0.0,0.0,0.0,0.0,0.0,0.0,0.0,0.0,0.0,0.0,4.027264199207847e-12,0.0,2.1719070986137012e-11,0.0,0.0,0.0,0.0,0.0,0.0,0.0,0.0,0.0,0.0,0.0,0.0,0.0,0.0,0.0,0.0,0.0,0.0,0.0,0.0,0.0,0.0,0.0,0.0,0.0,0.0,0.0,0.0,0.0,0.0,0.0,25000.0,0.0,0.0,0.0,0.0,0.0,0.0,0.0,0.0,0.0,0.0,0.0,0.0,0.0,25000.0,0.0,0.0,0.0,0.0,0.0,0.0,0.0,0.0,0.0,0.0,0.0,0.0,0.0,0.0,0.0,0.0,0.0,0.0,0.0,0.0,0.0,0.0,145.79000854492188,0.23000000417232513
2020-01-01,1.9986311197280884,6800.7958984375,7675.50146484375,1139731.875,1278949.0,6296.31787109375,4994.841796875,13097.11328125,12670.34375,17395.390625,6770.80615234375,29.989389419555664,1139731.875,297274.96875,842456.9375,42647.9921875,17942.57421875,8659695.0,4.0,2.0,16581.287109375,16000.0,16000.0,0.0,0.0,0.0,0.0,11240160.0,6471312.0,6555314.5,1580070.75,1298614.0,948663424.0,997335616.0,8024000.0,8024000.0,0.0,0.0,6459819.5,11492.86328125,488376896.0,34895700.0,5844376576.0,0.48074087500572205,0.3942151963710785,167.5880126953125,166.62742614746094,87.0216064453125,0.005524385254830122,254.90020751953125,285.24951171875,255.92526245117188,282.2565612792969,286.47393798828125,192.62832641601562,225.99948120117188,276.58441162109375,288.2101135253906,281.1961669921875,284.720703125,289.107177734375,168.70452880859375,262.6225280761719,300.8677978515625,288.7532958984375,276.1162414550781,289.235595703125,285.1136169433594,244.06448364257812,248.51351928710938,271.5160827636719,344188.09375,5452988.5,2532865.75,210824.46875,1060959.25,6917892.5,57956.6640625,159764.140625,1566814.375,1578465.5,229513.828125,731610.375,3242752.0,-0.00497608445584774,30364.056640625,3013477.25,373539.90625,304240.96875,882574.75,6204908.0,-0.14466746151447296,-0.053321920335292816,0.1525377482175827,0.2721397280693054,0.06959152966737747,0.0627378523349762,0.1167607307434082,0.04351175203919411,-0.01876029558479786,0.12787847220897675,0.09406209737062454,0.018639782443642616,0.09758754074573517,0.21291302144527435,0.0,0.04407831281423569,0.020461956039071083,-0.013783103786408901,-0.01982792280614376,0.28304246068000793,0.22515787184238434,0.0,336479.5,5446792.0,2532188.0,156837.59375,1058107.375,6901277.5,57956.6640625,156018.90625,1566813.5,1578465.5,179060.109375,729393.0,3240866.5,-0.004991484805941582,30293.103515625,3013477.5,373539.90625,289952.28125,880753.5,6196114.0,-0.1443558782339096,7708.61572265625,6196.48291015625,677.8067016601562,53986.875,2851.876220703125,16615.234375,0.00028250625473447144,3745.226806640625,0.8888197541236877,-0.0005094195948913693,50453.71875,2217.40966796875,1885.5208740234375,1.5400388292619027e-05,70.9526596069336,-0.0011267113732174039,0.0005044894060119987,14288.68359375,1821.237548828125,8794.3623046875,-0.0003115944273304194,87544584.0,774887616.0,363993344.0,439132544.0,134454464.0,943019520.0,8161460.0,41107388.0,220639584.0,222281536.0,403696320.0,89794552.0,459591136.0,-0.7007750868797302,4864089.0,424357888.0,52601852.0,163060000.0,127285336.0,883903488.0,-23.20603370666504,50637828.0,734401792.0,360649216.0,29489478.0,107313680.0,790817984.0,8161458.5,23578876.0,220634256.0,222281536.0,33669952.0,64372204.0,448189056.0,-0.7764531970024109,4533371.0,424357888.0,52601848.0,53306264.0,115176752.0,827991744.0,-21.57956886291504,36906752.0,40485856.0,3344143.75,409643040.0,27140788.0,152201552.0,1.563421607017517,17528514.0,5336.4140625,-2.352698564529419,370026368.0,25422344.0,11402108.0,0.07567811012268066,330717.90625,-5.387820720672607,2.368955612182617,109753744.0,12108582.0,55911744.0,-1.6264653205871582,0.0,142135.15625,187621.5,0.0,53806.37890625,366046.9375,0.0,0.0,0.0,0.0,0.0,669.1364135742188,113793.78125,0.0,0.0,0.0,0.0,0.0,118311.5078125,157346.453125,0.0,0.0,79077096.0,179407584.0,0.0,46811040.0,145434048.0,0.0,0.0,0.0,0.0,0.0,24891496.0,134706672.0,0.0,0.0,0.0,0.0,0.0,110783520.0,227551456.0,0.0,0.0,4.0,0.0,0.0,0.0,2.0,0.0,0.0,0.0,0.0,6800.7958984375,0.0,0.0,7675.50146484375,0.0,0.0,1139731.875,0.0,0.0,1278949.0,0.0,0.0,6296.31787109375,0.0,0.0,4994.841796875,0.0,0.0,17395.390625,0.0,0.0,13097.11328125,0.0,0.0,6770.80615234375,0.0,0.0,29.989389419555664,0.0,0.0,297274.96875,0.0,0.0,842456.9375,0.0,0.0,0.48074087500572205,0.0,0.0,0.3942151963710785,0.0,0.0,167.5880126953125,0.0,0.0,166.62742614746094,0.0,0.0,0.005524385254830122,0.0,0.0,87.0216064453125,0.0,0.0,6471312.0,0.0,0.0,6555314.5,0.0,0.0,948663424.0,0.0,0.0,997335616.0,0.0,0.0,1580070.75,0.0,0.0,1298614.0,0.0,0.0,11240160.0,0.0,0.0,8051383.0,0.0,0.0,6459819.5,0.0,0.0,11492.86328125,0.0,0.0,104316600.0,0.0,0.0,844346816.0,0.0,0.0,0.0,16000.0,0.0,0.0,16581.287109375,0.0,0.0,16000.0,0.0,0.0,0.0,0.0,0.0,0.0,0.0,0.0,0.0,0.0,0.0,42647.9921875,0.0,0.0,8659695.0,0.0,0.0,17942.57421875,0.0,0.0,0.0,0.0,0.0,0.0,0.0,0.0,0.0,2281.850830078125,1308.0765380859375,0.0,1227.8648681640625,1983.00341796875,0.0,0.0,0.0,0.0,0.0,0.0,2942.809326171875,1362.1585693359375,0.0,1223.29833984375,2147.235107421875,0.0,0.0,0.0,0.0,0.0,0.0,523746.0,187621.5,0.0,172787.03125,255577.375,0.0,0.0,0.0,0.0,0.0,0.0,581114.4375,216617.671875,0.0,191095.203125,290121.71875,0.0,0.0,0.0,0.0,0.0,0.0,1826.033203125,974.51025390625,0.0,1368.8756103515625,2126.89892578125,0.0,0.0,0.0,0.0,0.0,0.0,1057.190673828125,798.07568359375,0.0,1286.810791015625,1852.7647705078125,0.0,0.0,0.0,0.0,0.0,0.0,4107.88427734375,2282.5869140625,0.0,2596.740478515625,4109.90234375,0.0,0.0,0.0,0.0,0.0,0.0,4000.0,2160.234375,0.0,2510.109130859375,4000.0,0.0,0.0,0.0,0.0,0.0,0.0,2658587.75,1265839.0,0.0,1128582.625,1418302.75,0.0,0.0,0.0,0.0,0.0,0.0,289519.96875,382134.59375,0.0,444504.0625,463912.125,0.0,0.0,0.0,0.0,0.0,0.0,400493728.0,179407584.0,0.0,182486048.0,186276032.0,0.0,0.0,0.0,0.0,0.0,0.0,2761301.75,1228966.375,0.0,1097955.625,1467090.75,0.0,0.0,0.0,0.0,0.0,0.0,122698.3046875,376284.15625,0.0,422722.3125,376909.25,0.0,0.0,0.0,0.0,0.0,0.0,418806912.0,186717664.0,0.0,192954288.0,198856720.0,0.0,0.0,0.0,0.0,0.0,0.0,0.44451916217803955,0.4269323945045471,0.0,0.5271515250205994,0.517505943775177,0.0,0.0,0.0,0.0,0.0,0.0,0.2642976641654968,0.36943939328193665,0.0,0.5126513242721558,0.4631911814212799,0.0,0.0,0.0,0.0,0.0,0.0,229.52682495117188,143.43312072753906,0.0,140.72154235839844,128.88397216796875,0.0,0.0,0.0,0.0,0.0,0.0,197.4692840576172,159.02529907226562,0.0,156.2130889892578,135.1140899658203,0.0,0.0,0.0,0.0,0.0,0.0,0.0,0.0,8000.0,0.0,0.0,8000.0,0.0,0.0,0.0,0.0,0.0,0.0,0.0,8000.0,0.0,0.0,8000.0,0.0,0.0,0.0,0.0,0.0,0.0,0.0,0.0,0.0,0.0,0.0,0.0,0.0,0.0,0.0,0.0,0.0,0.0,0.0,0.0,0.0,0.0,0.0,0.0,0.0,0.0,0.0,0.0,0.0,4784000.0,0.0,0.0,3240000.0,0.0,0.0,0.0,0.0,0.0,0.0,0.0,4784000.0,0.0,0.0,3240000.0,0.0,0.0,0.0,0.0,0.0,0.0,0.0,0.0,0.0,0.0,0.0,0.0,0.0,0.0,0.0,0.0,0.0,0.0,0.0,0.0,0.0,0.0,0.0,0.0,0.0,0.0,0.0,165.5421142578125,184.87025451660156,351.1504821777344,166.64369201660156,233.00491333007812,362.6737976074219,0.0,0.0,0.0,0.0,0.0,0.0,0.0,0.0,0.0,0.0,0.0,0.0,0.0,0.0,0.0,0.0,75.22550964355469,16.49797248840332,308.23565673828125,40.450584411621094,3511.97802734375,155.7271270751953,0.0,0.0,0.0,0.0,0.0,6219.81982421875,2945.439453125,0.0,3219.326904296875,5010.8046875,0.0,271.85418701171875,212.23483276367188,239.65025329589844,326.54278564453125,313.70147705078125,216.4120330810547,264.1707458496094,325.2063903808594,209.61141967773438,238.8267822265625,311.302001953125,275.8681640625,216.14076232910156,243.4709930419922,319.003173828125,305.11810302734375,222.11790466308594,270.8336486816406,317.6161804199219,213.32762145996094,242.1255645751953,302.8565673828125,274.11602783203125,214.52999877929688,242.14508056640625,322.21771240234375,308.7759704589844,219.76129150390625,267.90289306640625,320.8603210449219,211.7796630859375,240.99925231933594,306.46600341796875,0.0,0.0,0.0,0.0,0.0,5.0,5.0,2.0,5.0,5.0,2.0,3.0,3.0,3.0,3.0,3.0,1.0,1.0,2.0,1.0,1.0,2.0,0.0,0.0,0.0,0.0,0.0,0.0,0.0,0.0,0.0,0.0,0.0,0.0,0.0,0.0,0.0,0.0,0.0,0.0,0.0,0.0,0.0,0.0,0.0,0.0,0.0,0.0,0.0,3.8790950775146484,5.3344550998701834e-11,0.0,0.0,0.0,0.0,0.0,0.0,0.0,0.0,0.0,0.0,1.679826056033562e-08,0.0,1.1505903074748858e-07,0.0,0.0,0.0,0.0,0.0,0.0,0.0,321.76513671875,1.0207473755130536e-09,0.0,0.0,0.0,0.0,0.0,0.0,0.0,0.0,0.0,0.0,4.772168722411152e-07,0.0,3.4574486562632956e-06,0.0,0.0,0.0,0.0,0.0,0.0,0.0,0.002124328864738345,5.473985658201522e-14,0.0,0.0,0.0,0.0,0.0,0.0,0.0,0.0,0.0,0.0,1.7237645338896712e-11,0.0,8.405368068231667e-11,0.0,0.0,0.0,0.0,0.0,0.0,0.0,0.0,0.0,0.0,0.0,0.0,0.0,0.0,0.0,0.0,0.0,0.0,0.0,0.0,0.0,0.0,0.0,0.0,0.0,0.0,0.0,0.0,0.0,0.0,0.0,25000.0,0.0,0.0,0.0,0.0,0.0,0.0,0.0,0.0,0.0,0.0,0.0,0.0,0.0,25000.0,0.0,0.0,0.0,0.0,0.0,0.0,0.0,0.0,0.0,0.0,0.0,0.0,0.0,0.0,0.0,0.0,0.0,0.0,0.0,0.0,0.0,0.0,150.3800048828125,0.1411111205816269
2020-02-01,2.0835044384002686,6419.51806640625,7220.509765625,1052671.375,1154282.875,6511.23046875,5439.45556640625,12930.748046875,12659.9658203125,16900.939453125,6394.1162109375,25.401824951171875,1052671.375,254471.40625,798200.0,42041.03515625,18606.6875,8571865.0,4.0,2.0,16581.5546875,16000.0,16000.0,0.0,0.0,0.0,0.0,11768548.0,6674335.0,6783003.5,1779029.25,1463425.875,982190272.0,1034240192.0,8520000.0,8520000.0,0.0,0.0,6662009.0,12326.05859375,488673920.0,34692676.0,5810849792.0,0.5035462975502014,0.4296579957008362,163.9798126220703,159.8616943359375,81.40838623046875,0.0061854347586631775,254.69776916503906,285.44708251953125,256.0748291015625,282.6346740722656,286.6832275390625,192.75247192382812,223.80490112304688,276.7215576171875,288.41973876953125,281.4200134277344,284.8991394042969,289.3283996582031,168.9786834716797,263.94171142578125,301.0359191894531,288.9288024902344,276.221435546875,289.3921203613281,285.3670654296875,244.25222778320312,248.56874084472656,271.58245849609375,344737.46875,5403220.5,2503336.5,210388.015625,1062674.625,6888885.0,57864.14453125,159768.15625,1553729.5,1571352.25,229390.953125,731966.5,3214839.5,-0.0049675460904836655,30285.0390625,3011323.5,374466.34375,305210.0625,878930.125,6160309.0,-0.14435528218746185,-0.055003147572278976,0.16027233004570007,0.2806254029273987,0.07151772826910019,0.06122251972556114,0.1204642578959465,0.0450386181473732,-0.018785949796438217,0.13516177237033844,0.09814467281103134,0.019165201112627983,0.09714828431606293,0.21968795359134674,0.0,0.04656592011451721,0.021162116900086403,-0.016297433525323868,-0.023076418787240982,0.2860031723976135,0.2307271957397461,0.0,336809.0625,5397038.5,2502675.0,156376.265625,1059862.75,6872413.0,57864.14453125,155969.65625,1553728.625,1571352.25,178897.796875,729752.625,3213262.0,-0.004983041435480118,30215.650390625,3011323.5,374466.34375,290882.5,877078.375,6151522.0,-0.1440441757440567,7928.40966796875,6182.1591796875,661.6085205078125,54011.74609375,2811.87841796875,16472.35546875,0.00027537267305888236,3798.507568359375,0.8732519149780273,-0.0005150057259015739,50493.15625,2213.864501953125,1577.50390625,1.5495315892621875e-05,69.38880157470703,-0.0009994016727432609,0.0006764870486222208,14327.5849609375,1851.7164306640625,8787.125,-0.00031109698466025293,88632128.0,768341696.0,359795552.0,438316672.0,134295856.0,933185280.0,8148431.5,41332040.0,218797024.0,221279872.0,403080544.0,89844568.0,455754560.0,-0.6995726823806763,4846430.5,424054560.0,52732312.0,163255840.0,127090904.0,878065536.0,-23.162700653076172,50729052.0,727999872.0,356531424.0,29438540.0,107563760.0,779400960.0,8148430.0,23580968.0,218791792.0,221279888.0,33674576.0,64511616.0,446321568.0,-0.7756352424621582,4523418.5,424054560.0,52732308.0,53532892.0,114792856.0,822231424.0,-21.539653778076172,37903072.0,40341852.0,3264107.5,408878112.0,26732094.0,153784304.0,1.529283881187439,17751072.0,5237.2421875,-2.3746893405914307,369405984.0,25332952.0,9432993.0,0.07606252282857895,323012.15625,-4.741594314575195,3.165778160095215,109722944.0,12298042.0,55834128.0,-1.6230461597442627,0.0,138564.953125,183396.390625,0.0,51831.12109375,310865.5625,0.0,0.0,0.0,0.0,0.0,-855.0028076171875,105579.8359375,0.0,0.0,0.0,0.0,0.0,116967.859375,146319.40625,0.0,0.0,83403912.0,185139376.0,0.0,48439664.0,155625888.0,0.0,0.0,0.0,0.0,0.0,24875030.0,138070480.0,0.0,0.0,0.0,0.0,0.0,114419120.0,232216304.0,0.0,0.0,4.0,0.0,0.0,0.0,2.0,0.0,0.0,0.0,0.0,6419.51806640625,0.0,0.0,7220.509765625,0.0,0.0,1052671.375,0.0,0.0,1154282.875,0.0,0.0,6511.23046875,0.0,0.0,5439.45556640625,0.0,0.0,16900.939453125,0.0,0.0,12930.748046875,0.0,0.0,6394.1162109375,0.0,0.0,25.401824951171875,0.0,0.0,254471.40625,0.0,0.0,798200.0,0.0,0.0,0.5035462975502014,0.0,0.0,0.4296579957008362,0.0,0.0,163.9798126220703,0.0,0.0,159.8616943359375,0.0,0.0,0.0061854347586631775,0.0,0.0,81.40838623046875,0.0,0.0,6674335.0,0.0,0.0,6783003.5,0.0,0.0,982190272.0,0.0,0.0,1034240192.0,0.0,0.0,1779029.25,0.0,0.0,1463425.875,0.0,0.0,11768548.0,0.0,0.0,8453364.0,0.0,0.0,6662009.0,0.0,0.0,12326.05859375,0.0,0.0,112626976.0,0.0,0.0,869563264.0,0.0,0.0,0.0,16000.0,0.0,0.0,16581.5546875,0.0,0.0,16000.0,0.0,0.0,0.0,0.0,0.0,0.0,0.0,0.0,0.0,0.0,0.0,42041.03515625,0.0,0.0,8571865.0,0.0,0.0,18606.6875,0.0,0.0,0.0,0.0,0.0,0.0,0.0,0.0,0.0,2032.524169921875,1278.2540283203125,0.0,1203.060546875,1905.679443359375,0.0,0.0,0.0,0.0,0.0,0.0,2674.172119140625,1328.4716796875,0.0,1195.9190673828125,2021.9471435546875,0.0,0.0,0.0,0.0,0.0,0.0,455635.09375,183396.390625,0.0,167943.984375,245695.90625,0.0,0.0,0.0,0.0,0.0,0.0,488282.21875,211493.875,0.0,181668.703125,272838.125,0.0,0.0,0.0,0.0,0.0,0.0,1964.614990234375,996.6661987304688,0.0,1367.14794921875,2182.80126953125,0.0,0.0,0.0,0.0,0.0,0.0,1325.8277587890625,827.2084350585938,0.0,1308.366455078125,1978.0528564453125,0.0,0.0,0.0,0.0,0.0,0.0,3997.13916015625,2274.920166015625,0.0,2570.20849609375,4088.480712890625,0.0,0.0,0.0,0.0,0.0,0.0,4000.0,2155.68017578125,0.0,2504.28564453125,4000.0,0.0,0.0,0.0,0.0,0.0,0.0,2724185.0,1305794.5,0.0,1166145.375,1478210.0,0.0,0.0,0.0,0.0,0.0,0.0,348564.78125,412725.25,0.0,486884.59375,530854.625,0.0,0.0,0.0,0.0,0.0,0.0,415318784.0,185139376.0,0.0,187733808.0,193998288.0,0.0,0.0,0.0,0.0,0.0,0.0,2846485.75,1270445.375,0.0,1135268.25,1530804.25,0.0,0.0,0.0,0.0,0.0,0.0,161514.15625,401647.0,0.0,463068.90625,437195.75,0.0,0.0,0.0,0.0,0.0,0.0,434784704.0,193320752.0,0.0,198677584.0,207457152.0,0.0,0.0,0.0,0.0,0.0,0.0,0.4915052652359009,0.4381103813648224,0.0,0.5319210290908813,0.5338905453681946,0.0,0.0,0.0,0.0,0.0,0.0,0.3314569294452667,0.3837343156337738,0.0,0.5224509835243225,0.49451321363449097,0.0,0.0,0.0,0.0,0.0,0.0,224.1720428466797,143.47413635253906,0.0,139.5972900390625,128.92823791503906,0.0,0.0,0.0,0.0,0.0,0.0,182.5919189453125,159.20089721679688,0.0,151.90719604492188,134.9383087158203,0.0,0.0,0.0,0.0,0.0,0.0,0.0,0.0,8000.0,0.0,0.0,8000.0,0.0,0.0,0.0,0.0,0.0,0.0,0.0,8000.0,0.0,0.0,8000.0,0.0,0.0,0.0,0.0,0.0,0.0,0.0,0.0,0.0,0.0,0.0,0.0,0.0,0.0,0.0,0.0,0.0,0.0,0.0,0.0,0.0,0.0,0.0,0.0,0.0,0.0,0.0,0.0,0.0,5032000.0,0.0,0.0,3488000.0,0.0,0.0,0.0,0.0,0.0,0.0,0.0,5032000.0,0.0,0.0,3488000.0,0.0,0.0,0.0,0.0,0.0,0.0,0.0,0.0,0.0,0.0,0.0,0.0,0.0,0.0,0.0,0.0,0.0,0.0,0.0,0.0,0.0,0.0,0.0,0.0,0.0,0.0,0.0,165.9242401123047,184.81358337402344,351.65509033203125,167.1829071044922,233.26229858398438,362.8465270996094,0.0,0.0,0.0,0.0,0.0,0.0,0.0,0.0,0.0,0.0,0.0,0.0,0.0,0.0,0.0,0.0,73.77176666259766,16.087677001953125,308.2266540527344,68.34029388427734,3484.259765625,155.72557067871094,0.0,0.0,0.0,0.0,0.0,5840.27294921875,2925.395263671875,0.0,3175.408935546875,4959.8623046875,0.0,271.9842529296875,212.50164794921875,239.84283447265625,327.0470275878906,313.8735656738281,215.68099975585938,264.28179931640625,325.7103576660156,209.87136840820312,239.01368713378906,311.47418212890625,275.9801330566406,216.39999389648438,243.64175415039062,319.52862548828125,305.2903747558594,221.3169403076172,270.9142761230469,318.1412048339844,213.57928466796875,242.28857421875,303.0289306640625,274.2361755371094,214.79034423828125,242.32525634765625,322.72735595703125,308.94818115234375,218.9827880859375,267.99664306640625,321.3695983886719,212.03257751464844,241.17247009277344,306.6383056640625,0.0,0.0,0.0,0.0,0.0,5.0,5.0,2.0,5.0,5.0,2.0,3.0,3.0,3.0,3.0,3.0,1.0,1.0,2.0,1.0,1.0,2.0,0.0,0.0,0.0,0.0,0.0,0.0,0.0,0.0,0.0,0.0,0.0,0.0,0.0,0.0,0.0,0.0,0.0,0.0,0.0,0.0,0.0,0.0,0.0,0.0,0.0,0.0,0.0,4.497627258300781,4.2806663769212605e-10,0.0,0.0,0.0,0.0,0.0,0.0,0.0,0.0,0.0,0.0,5.150680237875349e-08,0.0,3.255699141391233e-07,0.0,0.0,0.0,0.0,0.0,0.0,0.0,453.3338928222656,7.761459031030427e-09,0.0,0.0,0.0,0.0,0.0,0.0,0.0,0.0,0.0,0.0,1.5528557923971675e-06,0.0,1.0433682291477453e-05,0.0,0.0,0.0,0.0,0.0,0.0,0.0,0.0022893173154443502,4.294985049037303e-13,0.0,0.0,0.0,0.0,0.0,0.0,0.0,0.0,0.0,0.0,5.167908809222688e-11,0.0,2.3813800931193896e-10,0.0,0.0,0.0,0.0,0.0,0.0,0.0,0.0,0.0,0.0,0.0,0.0,0.0,0.0,0.0,0.0,0.0,0.0,0.0,0.0,0.0,0.0,0.0,0.0,0.0,0.0,0.0,0.0,0.0,0.0,0.0,25000.0,0.0,0.0,0.0,0.0,0.0,0.0,0.0,0.0,0.0,0.0,0.0,0.0,0.0,25000.0,0.0,0.0,0.0,0.0,0.0,0.0,0.0,0.0,0.0,0.0,0.0,0.0,0.0,0.0,0.0,0.0,0.0,0.0,0.0,0.0,0.0,0.0,155.4300079345703,0.21000000834465027
2020-03-01,2.1629021167755127,6171.2021484375,6995.29736328125,992792.5625,1087742.875,6726.1015625,5667.13818359375,12897.3037109375,12662.435546875,16639.02734375,6148.93603515625,22.266130447387695,992792.5625,223677.0625,769115.5,41553.85546875,19201.8359375,8286765.5,4.0,2.0,16581.619140625,16000.0,16000.0,0.0,0.0,0.0,0.0,12254006.0,6856162.5,6988412.0,1971515.5,1625193.75,1011672448.0,1066531520.0,8984000.0,8984000.0,0.0,0.0,6843155.0,13007.552734375,488945440.0,34510848.0,5781367296.0,0.5215122103691101,0.44755515456199646,160.87506103515625,155.49630737304688,76.97675323486328,0.0067749316804111,254.59495544433594,285.6318054199219,256.2234191894531,282.9449768066406,286.88250732421875,192.96339416503906,222.23782348632812,276.86248779296875,288.6133728027344,281.6224670410156,285.05035400390625,289.5335998535156,169.3563690185547,265.0069885253906,301.2003173828125,289.0816345214844,276.32049560546875,289.5318908691406,285.6074523925781,244.3943634033203,248.6707305908203,271.6566467285156,345253.75,5357108.5,2476368.5,209974.03125,1064300.0,6865227.5,57778.83984375,159774.90625,1541541.125,1564676.625,229278.578125,732420.5625,3189570.75,-0.004963709972798824,30216.71875,3009405.25,375296.25,306141.625,875743.8125,6120771.0,-0.1441175490617752,-0.05658308416604996,0.16743874549865723,0.2883751392364502,0.07334471493959427,0.05978664755821228,0.12348473072052002,0.046446461230516434,-0.0188289787620306,0.14194609224796295,0.10197602212429047,0.01964566297829151,0.09658821672201157,0.22582122683525085,0.0,0.04871682822704315,0.021785609424114227,-0.01854979433119297,-0.02619895711541176,0.28859153389930725,0.23566453158855438,0.0,337118.875,5350946.0,2475718.75,155935.28125,1061524.875,6848906.0,57778.83984375,155922.65625,1541540.25,1564676.625,178755.0625,730211.8125,3188243.25,-0.004979315679520369,30148.671875,3009405.25,375296.25,291777.28125,873865.9375,6112016.5,-0.14380721747875214,8134.8486328125,6162.455078125,649.7654418945312,54038.75,2775.082763671875,16321.2890625,0.0002747118705883622,3852.253173828125,0.8554132580757141,-0.0005138616543263197,50523.5234375,2208.72998046875,1327.72265625,1.560550845169928e-05,68.04630279541016,-0.0010887831449508667,0.0007644074503332376,14364.3369140625,1877.8896484375,8754.509765625,-0.00031032340484671295,89654552.0,762271808.0,355968704.0,437557536.0,134193536.0,925261824.0,8136419.0,41559632.0,217080688.0,220339856.0,402469440.0,89907960.0,452258912.0,-0.6990325450897217,4831248.0,423784448.0,52849180.0,163442336.0,126907144.0,872891904.0,-23.129657745361328,50819452.0,722110464.0,352762272.0,29387666.0,107855976.0,770952512.0,8136417.5,23582556.0,217075568.0,220339872.0,33680464.0,64700520.0,444392768.0,-0.7755531072616577,4514841.5,423784448.0,52849176.0,53749916.0,114445744.0,817314112.0,-21.51154136657715,38835104.0,40161336.0,3206432.5,408169856.0,26337558.0,154309264.0,1.5268758535385132,17977074.0,5124.13232421875,-2.365957736968994,368788992.0,25207438.0,7866164.5,0.07652052491903305,316406.84375,-5.189974308013916,3.573110342025757,109692416.0,12461402.0,55577808.0,-1.6181164979934692,0.0,137258.046875,180464.84375,0.0,50337.51953125,272088.65625,0.0,0.0,0.0,0.0,0.0,-1271.1185302734375,99411.453125,0.0,0.0,0.0,0.0,0.0,116669.28125,137833.109375,0.0,0.0,87399048.0,190407008.0,0.0,49916628.0,163966416.0,0.0,0.0,0.0,0.0,0.0,24842376.0,141026416.0,0.0,0.0,0.0,0.0,0.0,117801648.0,236312368.0,0.0,0.0,4.0,0.0,0.0,0.0,2.0,0.0,0.0,0.0,0.0,6171.2021484375,0.0,0.0,6995.29736328125,0.0,0.0,992792.5625,0.0,0.0,1087742.875,0.0,0.0,6726.1015625,0.0,0.0,5667.13818359375,0.0,0.0,16639.02734375,0.0,0.0,12897.3037109375,0.0,0.0,6148.93603515625,0.0,0.0,22.266130447387695,0.0,0.0,223677.0625,0.0,0.0,769115.5,0.0,0.0,0.5215122103691101,0.0,0.0,0.44755515456199646,0.0,0.0,160.87506103515625,0.0,0.0,155.49630737304688,0.0,0.0,0.0067749316804111,0.0,0.0,76.97675323486328,0.0,0.0,6856162.5,0.0,0.0,6988412.0,0.0,0.0,1011672448.0,0.0,0.0,1066531520.0,0.0,0.0,1971515.5,0.0,0.0,1625193.75,0.0,0.0,12254006.0,0.0,0.0,8827678.0,0.0,0.0,6843155.0,0.0,0.0,13007.552734375,0.0,0.0,119469008.0,0.0,0.0,892203456.0,0.0,0.0,0.0,16000.0,0.0,0.0,16581.619140625,0.0,0.0,16000.0,0.0,0.0,0.0,0.0,0.0,0.0,0.0,0.0,0.0,0.0,0.0,41553.85546875,0.0,0.0,8286765.5,0.0,0.0,19201.8359375,0.0,0.0,0.0,0.0,0.0,0.0,0.0,0.0,0.0,1871.3079833984375,1257.181884765625,0.0,1187.35107421875,1855.361328125,0.0,0.0,0.0,0.0,0.0,0.0,2525.945556640625,1312.761962890625,0.0,1182.4718017578125,1974.1180419921875,0.0,0.0,0.0,0.0,0.0,0.0,407262.6875,180464.84375,0.0,165735.6875,239329.34375,0.0,0.0,0.0,0.0,0.0,0.0,435413.625,209114.828125,0.0,176763.71875,266450.71875,0.0,0.0,0.0,0.0,0.0,0.0,2101.68115234375,1021.2357788085938,0.0,1370.005615234375,2233.178955078125,0.0,0.0,0.0,0.0,0.0,0.0,1474.0545654296875,845.0938110351562,0.0,1322.10791015625,2025.8819580078125,0.0,0.0,0.0,0.0,0.0,0.0,3972.989013671875,2278.417724609375,0.0,2557.356689453125,4088.540283203125,0.0,0.0,0.0,0.0,0.0,0.0,4000.000244140625,2157.855712890625,0.0,2504.57958984375,4000.0,0.0,0.0,0.0,0.0,0.0,0.0,2780306.75,1342497.875,0.0,1200762.25,1532595.625,0.0,0.0,0.0,0.0,0.0,0.0,407874.5,442042.40625,0.0,526582.6875,595015.875,0.0,0.0,0.0,0.0,0.0,0.0,427692736.0,190407008.0,0.0,192560656.0,201012048.0,0.0,0.0,0.0,0.0,0.0,0.0,2921473.75,1308682.625,0.0,1169706.25,1588549.25,0.0,0.0,0.0,0.0,0.0,0.0,202526.390625,425956.59375,0.0,501260.09375,495450.6875,0.0,0.0,0.0,0.0,0.0,0.0,448014912.0,199410448.0,0.0,203855568.0,215250608.0,0.0,0.0,0.0,0.0,0.0,0.0,0.5289924144744873,0.44822147488594055,0.0,0.5357115864753723,0.5462044477462769,0.0,0.0,0.0,0.0,0.0,0.0,0.36851364374160767,0.391635924577713,0.0,0.5278761982917786,0.5064705014228821,0.0,0.0,0.0,0.0,0.0,0.0,217.63531494140625,143.547119140625,0.0,139.5843963623047,128.99339294433594,0.0,0.0,0.0,0.0,0.0,0.0,172.37649536132812,159.29379272460938,0.0,149.4866180419922,134.97203063964844,0.0,0.0,0.0,0.0,0.0,0.0,0.0,0.0,8000.0,0.0,0.0,8000.0,0.0,0.0,0.0,0.0,0.0,0.0,0.0,8000.0,0.0,0.0,8000.0,0.0,0.0,0.0,0.0,0.0,0.0,0.0,0.0,0.0,0.0,0.0,0.0,0.0,0.0,0.0,0.0,0.0,0.0,0.0,0.0,0.0,0.0,0.0,0.0,0.0,0.0,0.0,0.0,0.0,5264000.0,0.0,0.0,3720000.0,0.0,0.0,0.0,0.0,0.0,0.0,0.0,5264000.0,0.0,0.0,3720000.0,0.0,0.0,0.0,0.0,0.0,0.0,0.0,0.0,0.0,0.0,0.0,0.0,0.0,0.0,0.0,0.0,0.0,0.0,0.0,0.0,0.0,0.0,0.0,0.0,0.0,0.0,0.0,165.98338317871094,184.37844848632812,352.0777282714844,167.69253540039062,233.47142028808594,362.994873046875,0.0,0.0,0.0,0.0,0.0,0.0,0.0,0.0,0.0,0.0,0.0,0.0,0.0,0.0,0.0,0.0,72.53951263427734,15.730561256408691,308.2191162109375,65.87273406982422,3453.994140625,155.72422790527344,0.0,0.0,0.0,0.0,0.0,5621.84423828125,2920.347900390625,0.0,3155.557861328125,4941.2783203125,0.0,272.054443359375,212.73960876464844,240.03187561035156,327.4693908691406,314.02142333984375,215.2601776123047,264.3106384277344,326.1324768066406,210.10800170898438,239.1981201171875,311.6221008300781,276.0517272949219,216.6371612548828,243.81434631347656,319.9670104980469,305.4384460449219,220.88580322265625,270.9450988769531,318.5792541503906,213.8146514892578,242.4550323486328,303.1770935058594,274.3072814941406,215.02593994140625,242.5049591064453,323.1538391113281,309.09619140625,218.5436553955078,268.0262145996094,321.7957763671875,212.2665252685547,241.3466033935547,306.786376953125,0.0,0.0,0.0,0.0,0.0,5.0,5.0,2.0,5.0,5.0,2.0,3.0,3.0,3.0,3.0,3.0,1.0,1.0,2.0,1.0,1.0,2.0,0.0,0.0,0.0,0.0,0.0,0.0,0.0,0.0,0.0,0.0,0.0,0.0,0.0,0.0,0.0,0.0,0.0,0.0,0.0,0.0,0.0,0.0,0.0,0.0,0.0,0.0,0.0,5.052978992462158,3.4524481051789735e-09,0.0,0.0,0.0,0.0,0.0,0.0,0.0,0.0,0.0,0.0,1.3585594160758774e-07,0.0,7.985619276951184e-07,0.0,0.0,0.0,0.0,0.0,0.0,0.0,593.2906494140625,5.8251206525028465e-08,0.0,0.0,0.0,0.0,0.0,0.0,0.0,0.0,0.0,0.0,4.31166654379922e-06,0.0,2.7041158318752423e-05,0.0,0.0,0.0,0.0,0.0,0.0,0.0,0.002404255559667945,3.3806570823996518e-12,0.0,0.0,0.0,0.0,0.0,0.0,0.0,0.0,0.0,0.0,1.330309196134749e-10,0.0,5.828895144333046e-10,0.0,0.0,0.0,0.0,0.0,0.0,0.0,0.0,0.0,0.0,0.0,0.0,0.0,0.0,0.0,0.0,0.0,0.0,0.0,0.0,0.0,0.0,0.0,0.0,0.0,0.0,0.0,0.0,0.0,0.0,0.0,25000.0,0.0,0.0,0.0,0.0,0.0,0.0,0.0,0.0,0.0,0.0,0.0,0.0,0.0,25000.0,0.0,0.0,0.0,0.0,0.0,0.0,0.0,0.0,0.0,0.0,0.0,0.0,0.0,0.0,0.0,0.0,0.0,0.0,0.0,0.0,0.0,0.0,160.3800048828125,0.14000000059604645
2020-04-01,2.2477755546569824,5952.37890625,6812.02734375,937234.375,1034185.5625,6952.234375,5856.3349609375,12904.61328125,12668.3623046875,16431.9765625,5933.04248046875,19.336307525634766,937234.375,194002.34375,743232.0625,41095.3359375,19824.25,7902196.5,4.0,2.0,16581.6328125,16000.0,16000.0,0.0,0.0,0.0,0.0,12763395.0,7041907.5,7199584.5,2184783.25,1806740.125,1041009152.0,1098591232.0,9480000.0,9480000.0,0.0,0.0,7028288.0,13619.603515625,489228192.0,34325104.0,5752030208.0,0.5387402176856995,0.46228036284446716,157.45542907714844,151.8175811767578,72.62785339355469,0.0074178180657327175,254.58041381835938,285.82159423828125,256.378173828125,283.2387390136719,287.0860595703125,193.27508544921875,221.10389709472656,277.0315856933594,288.8112487792969,281.8301086425781,285.2009582519531,289.7439270019531,169.8155059814453,266.0057373046875,301.3819885253906,289.23779296875,276.42724609375,289.6762390136719,285.8545227050781,244.53558349609375,248.82203674316406,271.7438659667969,345810.0625,5308238.0,2448252.75,209523.8125,1066027.375,6843375.5,57689.140625,159785.53125,1528579.5,1557510.875,229160.71875,732956.25,3163807.75,-0.004965208936482668,30150.37890625,3007463.0,376138.625,307147.40625,872599.375,6080889.0,-0.14376680552959442,-0.05828559398651123,0.17503376305103302,0.29645466804504395,0.07533156126737595,0.05826067924499512,0.1262747049331665,0.04792678356170654,-0.018896739929914474,0.14916077256202698,0.10608868300914764,0.02014962024986744,0.09592747688293457,0.23207448422908783,0.0,0.050805315375328064,0.0224169734865427,-0.020835988223552704,-0.02957039326429367,0.2911458909511566,0.24064487218856812,0.0,337456.875,5302097.5,2447614.25,155463.09375,1063290.5,6827215.0,57689.140625,155871.4375,1528578.75,1557510.875,178616.71875,730754.0,3162716.25,-0.004980958066880703,30083.634765625,3007463.0,376138.625,292745.375,870697.25,6072191.0,-0.14345720410346985,8353.1728515625,6140.71044921875,638.4620971679688,54060.71875,2736.855224609375,16160.09375,0.0002846845891326666,3914.10107421875,0.8348013162612915,-0.00051148422062397,50543.99609375,2202.2255859375,1091.543212890625,1.5749357771710493e-05,66.74479675292969,-0.001319105620495975,0.0007290584035217762,14402.0185546875,1902.14794921875,8697.9755859375,-0.0003096000000368804,90770576.0,755833024.0,351984288.0,436737184.0,134129088.0,918290624.0,8123788.0,41823152.0,215255488.0,219330832.0,401773760.0,89982392.0,448672640.0,-0.6992436051368713,4816585.5,423510912.0,52967804.0,163642592.0,126711816.0,867673600.0,-23.081087112426758,50950556.0,715867136.0,348833088.0,29330972.0,108218568.0,764293120.0,8123786.0,23583640.0,215250496.0,219330832.0,33688544.0,64929168.0,442261792.0,-0.7763746976852417,4506586.5,423510944.0,52967800.0,53981948.0,114100960.0,812522496.0,-21.467758178710938,39820020.0,39965868.0,3151205.25,407406208.0,25910516.0,153997536.0,1.5777654647827148,18239514.0,4993.9111328125,-2.350907325744629,368085216.0,25053220.0,6410845.0,0.07713104039430618,309999.125,-6.35015869140625,3.403599739074707,109660640.0,12610858.0,55151112.0,-1.6133301258087158,0.0,136108.0625,177757.546875,0.0,49233.6015625,237463.828125,0.0,0.0,0.0,0.0,0.0,-1281.5985107421875,92629.921875,0.0,0.0,0.0,0.0,0.0,115554.4609375,129767.8046875,0.0,0.0,91622056.0,195941424.0,0.0,51449928.0,171458288.0,0.0,0.0,0.0,0.0,0.0,24799910.0,143946448.0,0.0,0.0,0.0,0.0,0.0,121392600.0,240397936.0,0.0,0.0,4.0,0.0,0.0,0.0,2.0,0.0,0.0,0.0,0.0,5952.37890625,0.0,0.0,6812.02734375,0.0,0.0,937234.375,0.0,0.0,1034185.5625,0.0,0.0,6952.234375,0.0,0.0,5856.3349609375,0.0,0.0,16431.9765625,0.0,0.0,12904.61328125,0.0,0.0,5933.04248046875,0.0,0.0,19.336307525634766,0.0,0.0,194002.34375,0.0,0.0,743232.0625,0.0,0.0,0.5387402176856995,0.0,0.0,0.46228036284446716,0.0,0.0,157.45542907714844,0.0,0.0,151.8175811767578,0.0,0.0,0.0074178180657327175,0.0,0.0,72.62785339355469,0.0,0.0,7041907.5,0.0,0.0,7199584.5,0.0,0.0,1041009152.0,0.0,0.0,1098591232.0,0.0,0.0,2184783.25,0.0,0.0,1806740.125,0.0,0.0,12763395.0,0.0,0.0,9226691.0,0.0,0.0,7028288.0,0.0,0.0,13619.603515625,0.0,0.0,125607768.0,0.0,0.0,915401344.0,0.0,0.0,0.0,16000.0,0.0,0.0,16581.6328125,0.0,0.0,16000.0,0.0,0.0,0.0,0.0,0.0,0.0,0.0,0.0,0.0,0.0,0.0,41095.3359375,0.0,0.0,7902196.5,0.0,0.0,19824.25,0.0,0.0,0.0,0.0,0.0,0.0,0.0,0.0,0.0,1731.841796875,1237.2890625,0.0,1176.10302734375,1807.1451416015625,0.0,0.0,0.0,0.0,0.0,0.0,2392.54443359375,1303.093994140625,0.0,1172.339111328125,1944.0498046875,0.0,0.0,0.0,0.0,0.0,0.0,362714.25,177757.546875,0.0,163506.46875,233256.140625,0.0,0.0,0.0,0.0,0.0,0.0,390659.125,207572.09375,0.0,173565.015625,262389.3125,0.0,0.0,0.0,0.0,0.0,0.0,2238.737548828125,1049.3201904296875,0.0,1377.1622314453125,2287.014404296875,0.0,0.0,0.0,0.0,0.0,0.0,1607.4554443359375,859.9760131835938,0.0,1332.9534912109375,2055.9501953125,0.0,0.0,0.0,0.0,0.0,0.0,3970.579345703125,2286.609130859375,0.0,2553.26513671875,4094.159423828125,0.0,0.0,0.0,0.0,0.0,0.0,3999.999755859375,2163.070068359375,0.0,2505.29248046875,4000.0,0.0,0.0,0.0,0.0,0.0,0.0,2834621.0,1381031.25,0.0,1237276.375,1588979.125,0.0,0.0,0.0,0.0,0.0,0.0,475864.09375,474324.96875,0.0,569172.0,665422.125,0.0,0.0,0.0,0.0,0.0,0.0,439136928.0,195941424.0,0.0,197642432.0,208288336.0,0.0,0.0,0.0,0.0,0.0,0.0,2995642.5,1349078.5,0.0,1206048.75,1648814.875,0.0,0.0,0.0,0.0,0.0,0.0,252357.5,452615.84375,0.0,542581.6875,559185.125,0.0,0.0,0.0,0.0,0.0,0.0,460125344.0,205845184.0,0.0,209236080.0,223384672.0,0.0,0.0,0.0,0.0,0.0,0.0,0.5638314485549927,0.4588979184627533,0.0,0.539372980594635,0.5586041212081909,0.0,0.0,0.0,0.0,0.0,0.0,0.40186387300491333,0.39757195115089417,0.0,0.5320550203323364,0.5139875411987305,0.0,0.0,0.0,0.0,0.0,0.0,209.4384307861328,143.66696166992188,0.0,139.02394104003906,129.0743865966797,0.0,0.0,0.0,0.0,0.0,0.0,163.28187561035156,159.29173278808594,0.0,148.05018615722656,134.97047424316406,0.0,0.0,0.0,0.0,0.0,0.0,0.0,0.0,8000.0,0.0,0.0,8000.0,0.0,0.0,0.0,0.0,0.0,0.0,0.0,8000.0,0.0,0.0,8000.0,0.0,0.0,0.0,0.0,0.0,0.0,0.0,0.0,0.0,0.0,0.0,0.0,0.0,0.0,0.0,0.0,0.0,0.0,0.0,0.0,0.0,0.0,0.0,0.0,0.0,0.0,0.0,0.0,0.0,5512000.0,0.0,0.0,3968000.0,0.0,0.0,0.0,0.0,0.0,0.0,0.0,5512000.0,0.0,0.0,3968000.0,0.0,0.0,0.0,0.0,0.0,0.0,0.0,0.0,0.0,0.0,0.0,0.0,0.0,0.0,0.0,0.0,0.0,0.0,0.0,0.0,0.0,0.0,0.0,0.0,0.0,0.0,0.0,166.27268981933594,183.751953125,352.5010070800781,168.19192504882812,233.67092895507812,363.1446228027344,0.0,0.0,0.0,0.0,0.0,0.0,0.0,0.0,0.0,0.0,0.0,0.0,0.0,0.0,0.0,0.0,71.3612060546875,15.362115859985352,308.2115478515625,62.081417083740234,3414.89990234375,155.72288513183594,0.0,0.0,0.0,0.0,0.0,5438.5263671875,2920.78515625,0.0,3143.406982421875,4929.2578125,0.0,272.1034851074219,213.00140380859375,240.2272491455078,327.8924255371094,314.170654296875,215.1355743408203,264.3058776855469,326.55523681640625,210.3693084716797,239.38909912109375,311.77142333984375,276.1110534667969,216.89645385742188,243.9945831298828,320.3991394042969,305.5879821777344,220.7421417236328,270.9569396972656,319.0110778808594,214.07313537597656,242.62925720214844,303.3266906738281,274.3622741699219,215.2845458984375,242.69204711914062,323.5781555175781,309.24560546875,218.39793395996094,268.0304870605469,322.2197570800781,212.5244140625,241.52828979492188,306.9358825683594,0.0,0.0,0.0,0.0,0.0,5.0,5.0,2.0,5.0,5.0,2.0,3.0,3.0,3.0,3.0,3.0,1.0,1.0,2.0,1.0,1.0,2.0,0.0,0.0,0.0,0.0,0.0,0.0,0.0,0.0,0.0,0.0,0.0,0.0,0.0,0.0,0.0,0.0,0.0,0.0,0.0,0.0,0.0,0.0,0.0,0.0,0.0,0.0,0.0,5.554087162017822,8.04777542384727e-08,0.0,0.0,0.0,0.0,0.0,0.0,0.0,0.0,0.0,0.0,4.134067808081454e-07,0.0,2.173673692595912e-06,0.0,0.0,0.0,0.0,0.0,0.0,0.0,760.7396850585938,1.6144136907314532e-06,0.0,1.3877313484356643e-20,0.0,0.0,0.0,0.0,0.0,0.0,0.0,0.0,1.4234234186005779e-05,0.0,8.029853779589757e-05,0.0,0.0,0.0,0.0,0.0,0.0,0.0,0.0024809015449136496,7.669513635288894e-11,0.0,0.0,0.0,0.0,0.0,0.0,0.0,0.0,0.0,0.0,3.939758241866542e-10,0.0,1.578371655597266e-09,0.0,0.0,0.0,0.0,0.0,0.0,0.0,0.0,0.0,0.0,0.0,0.0,0.0,0.0,0.0,0.0,0.0,0.0,0.0,0.0,0.0,0.0,0.0,0.0,0.0,0.0,0.0,0.0,0.0,0.0,0.0,25000.0,0.0,0.0,0.0,0.0,0.0,0.0,0.0,0.0,0.0,0.0,0.0,0.0,0.0,25000.0,0.0,0.0,0.0,0.0,0.0,0.0,0.0,0.0,0.0,0.0,0.0,0.0,0.0,0.0,0.0,0.0,0.0,0.0,0.0,0.0,0.0,0.0,164.1400146484375,0.11000000685453415
2020-05-01,2.32991099357605,5697.6953125,6456.80126953125,870148.25,940021.4375,7132.45703125,6238.80859375,12830.15234375,12695.6103515625,16092.939453125,5682.02197265625,15.673279762268066,870148.25,155620.078125,714528.1875,40733.53125,20426.390625,7480268.0,4.0,2.0,16581.59765625,16000.0,16000.0,0.0,0.0,0.0,0.0,13248592.0,7215256.5,7396223.0,2396293.0,1990663.0,1067743296.0,1127505536.0,9960000.0,9960000.0,0.0,0.0,7201133.5,14122.8779296875,489496672.0,34151764.0,5725294592.0,0.5559136867523193,0.4914146363735199,152.71932983398438,145.58624267578125,67.82057189941406,0.008196829818189144,254.64906311035156,286.0085144042969,256.53302001953125,283.4688720703125,287.2841796875,193.63357543945312,220.40805053710938,277.2127685546875,288.9960021972656,282.00946044921875,285.3373718261719,289.9400329589844,170.29290771484375,266.9764709472656,301.5624694824219,289.3838806152344,276.53564453125,289.8130798339844,286.0820007324219,244.70106506347656,249.0167236328125,271.8374328613281,346359.6875,5261305.5,2421479.25,209084.140625,1067688.25,6824766.0,57603.5546875,159797.890625,1516087.125,1550549.125,229047.59375,733503.3125,3139987.0,-0.004963304381817579,30090.6875,3005658.75,376921.875,308115.15625,869733.625,6043984.5,-0.14384008944034576,-0.05996759235858917,0.18232768774032593,0.304148405790329,0.07727198302745819,0.05679343268275261,0.12865063548088074,0.049339305609464645,-0.018975507467985153,0.15611431002616882,0.11008433252573013,0.02063332311809063,0.09525265544652939,0.23785632848739624,0.0,0.05268452689051628,0.02300341986119747,-0.02296179160475731,-0.03281432390213013,0.29347389936447144,0.24525333940982819,0.0,337782.25,5255190.0,2420852.5,155000.375,1064987.75,6808759.5,57603.5546875,155821.078125,1516086.375,1550549.125,178492.796875,731308.0,3139119.25,-0.004979190416634083,30025.115234375,3005658.75,376921.875,293678.21875,867811.0,6035364.0,-0.14353221654891968,8577.419921875,6115.67041015625,626.808837890625,54083.75390625,2700.456298828125,16006.625,0.00027728063287213445,3976.803466796875,0.8131874203681946,-0.000496993656270206,50554.7890625,2195.30712890625,867.8110961914062,1.5886331311776303e-05,65.57203674316406,-0.0014655513223260641,0.0005300129996612668,14436.9208984375,1922.6151123046875,8620.47265625,-0.000307872163830325,91855784.0,749645248.0,348189888.0,435948576.0,134096160.0,912681024.0,8111735.0,42091112.0,213496336.0,218350528.0,401069888.0,90058048.0,445344992.0,-0.6989753246307373,4803436.0,423256864.0,53078104.0,163835136.0,126534920.0,862846848.0,-23.09107208251953,51025308.0,709898816.0,345094880.0,29274270.0,108602528.0,759605056.0,8111733.5,23584226.0,213491488.0,218350528.0,33697124.0,65166192.0,440292704.0,-0.7766793370246887,4499210.0,423256864.0,53078104.0,54201720.0,113802568.0,808268416.0,-21.48786163330078,40830476.0,39746404.0,3095017.25,406674304.0,25493636.0,153076032.0,1.5374243259429932,18506886.0,4857.66845703125,-2.2801196575164795,367372768.0,24891858.0,5052287.5,0.07770397514104843,304226.15625,-7.073790550231934,2.4766128063201904,109633416.0,12732352.0,54578412.0,-1.6032094955444336,0.0,134313.703125,176369.3125,0.0,48095.125,191835.46875,0.0,0.0,0.0,0.0,0.0,-1493.175048828125,84992.7421875,0.0,0.0,0.0,0.0,0.0,114289.015625,121745.3359375,0.0,0.0,95666888.0,201248416.0,0.0,52903984.0,177614752.0,0.0,0.0,0.0,0.0,0.0,24754548.0,146577456.0,0.0,0.0,0.0,0.0,0.0,124836224.0,244140464.0,0.0,0.0,4.0,0.0,0.0,0.0,2.0,0.0,0.0,0.0,0.0,5697.6953125,0.0,0.0,6456.80126953125,0.0,0.0,870148.25,0.0,0.0,940021.4375,0.0,0.0,7132.45703125,0.0,0.0,6238.80859375,0.0,0.0,16092.939453125,0.0,0.0,12830.15234375,0.0,0.0,5682.02197265625,0.0,0.0,15.673279762268066,0.0,0.0,155620.078125,0.0,0.0,714528.1875,0.0,0.0,0.5559136867523193,0.0,0.0,0.4914146363735199,0.0,0.0,152.71932983398438,0.0,0.0,145.58624267578125,0.0,0.0,0.008196829818189144,0.0,0.0,67.82057189941406,0.0,0.0,7215256.5,0.0,0.0,7396223.0,0.0,0.0,1067743296.0,0.0,0.0,1127505536.0,0.0,0.0,2396293.0,0.0,0.0,1990663.0,0.0,0.0,13248592.0,0.0,0.0,9611549.0,0.0,0.0,7201133.5,0.0,0.0,14122.8779296875,0.0,0.0,130625304.0,0.0,0.0,937117952.0,0.0,0.0,0.0,16000.0,0.0,0.0,16581.59765625,0.0,0.0,16000.0,0.0,0.0,0.0,0.0,0.0,0.0,0.0,0.0,0.0,0.0,0.0,40733.53125,0.0,0.0,7480268.0,0.0,0.0,20426.390625,0.0,0.0,0.0,0.0,0.0,0.0,0.0,0.0,0.0,1554.7364501953125,1225.5390625,0.0,1162.3297119140625,1755.0899658203125,0.0,0.0,0.0,0.0,0.0,0.0,2126.271240234375,1292.673583984375,0.0,1151.7880859375,1886.0684814453125,0.0,0.0,0.0,0.0,0.0,0.0,306225.4375,176369.3125,0.0,160890.96875,226662.546875,0.0,0.0,0.0,0.0,0.0,0.0,311949.875,205741.71875,0.0,167820.390625,254509.46875,0.0,0.0,0.0,0.0,0.0,0.0,2333.578125,1083.0177001953125,0.0,1380.8216552734375,2335.03955078125,0.0,0.0,0.0,0.0,0.0,0.0,1873.728759765625,894.752685546875,0.0,1356.395751953125,2113.931640625,0.0,0.0,0.0,0.0,0.0,0.0,3888.314697265625,2308.556640625,0.0,2543.1513671875,4090.12939453125,0.0,0.0,0.0,0.0,0.0,0.0,4000.0,2187.42626953125,0.0,2508.183837890625,4000.0,0.0,0.0,0.0,0.0,0.0,0.0,2882845.0,1417935.25,0.0,1272264.5,1642211.625,0.0,0.0,0.0,0.0,0.0,0.0,544523.8125,506396.0,0.0,610505.0,734868.1875,0.0,0.0,0.0,0.0,0.0,0.0,448838688.0,201248416.0,0.0,202494752.0,215161440.0,0.0,0.0,0.0,0.0,0.0,0.0,3061700.25,1387897.25,0.0,1240764.5,1705860.75,0.0,0.0,0.0,0.0,0.0,0.0,306299.78125,479151.625,0.0,583072.4375,622139.25,0.0,0.0,0.0,0.0,0.0,0.0,470084736.0,212025248.0,0.0,214312544.0,231082944.0,0.0,0.0,0.0,0.0,0.0,0.0,0.6001515984535217,0.4691319167613983,0.0,0.5429569482803345,0.5708962082862854,0.0,0.0,0.0,0.0,0.0,0.0,0.4684321880340576,0.4090435802936554,0.0,0.5407879948616028,0.5284829139709473,0.0,0.0,0.0,0.0,0.0,0.0,196.96290588378906,143.91160583496094,0.0,138.4210968017578,129.1458282470703,0.0,0.0,0.0,0.0,0.0,0.0,146.71217346191406,159.1598358154297,0.0,145.7042236328125,134.94180297851562,0.0,0.0,0.0,0.0,0.0,0.0,0.0,0.0,8000.0,0.0,0.0,8000.0,0.0,0.0,0.0,0.0,0.0,0.0,0.0,8000.0,0.0,0.0,8000.0,0.0,0.0,0.0,0.0,0.0,0.0,0.0,0.0,0.0,0.0,0.0,0.0,0.0,0.0,0.0,0.0,0.0,0.0,0.0,0.0,0.0,0.0,0.0,0.0,0.0,0.0,0.0,0.0,0.0,5752000.0,0.0,0.0,4208000.0,0.0,0.0,0.0,0.0,0.0,0.0,0.0,5752000.0,0.0,0.0,4208000.0,0.0,0.0,0.0,0.0,0.0,0.0,0.0,0.0,0.0,0.0,0.0,0.0,0.0,0.0,0.0,0.0,0.0,0.0,0.0,0.0,0.0,0.0,0.0,0.0,0.0,0.0,0.0,167.9163055419922,182.50732421875,352.8997802734375,168.7853546142578,233.90602111816406,363.2840576171875,0.0,0.0,0.0,0.0,0.0,0.0,0.0,0.0,0.0,0.0,0.0,0.0,0.0,0.0,0.0,0.0,70.39820098876953,15.002552032470703,308.2044372558594,58.119300842285156,3372.81884765625,155.72161865234375,0.0,0.0,0.0,0.0,0.0,5123.80029296875,2939.764404296875,0.0,3123.721923828125,4905.6533203125,0.0,272.0900573730469,213.30335998535156,240.44422912597656,328.29083251953125,314.3096618652344,215.48231506347656,264.2080383300781,326.9534912109375,210.6650848388672,239.60198974609375,311.9104309082031,276.13116455078125,217.18495178222656,244.19287109375,320.7984619140625,305.7271728515625,220.93580627441406,270.91424560546875,319.41021728515625,214.35475158691406,242.82215881347656,303.4659423828125,274.36859130859375,215.57760620117188,242.8983917236328,323.9740295410156,309.3847351074219,218.64846801757812,267.9646301269531,322.61541748046875,212.81077575683594,241.72972106933594,307.0750427246094,0.0,0.0,0.0,0.0,0.0,5.0,5.0,2.0,5.0,5.0,2.0,3.0,3.0,3.0,3.0,3.0,1.0,1.0,2.0,1.0,1.0,2.0,0.0,0.0,0.0,0.0,0.0,0.0,0.0,0.0,0.0,0.0,0.0,0.0,0.0,0.0,0.0,0.0,0.0,0.0,0.0,0.0,0.0,0.0,0.0,0.0,0.0,0.0,0.0,5.870619297027588,5.221490368967352e-07,0.0,0.0,0.0,0.0,0.0,0.0,0.0,0.0,0.0,0.0,9.959264843928395e-07,0.0,4.766104666487081e-06,0.0,0.0,0.0,0.0,0.0,0.0,0.0,932.784912109375,9.916777344187722e-06,0.0,3.393129123139758e-20,0.0,0.0,0.0,0.0,0.0,0.0,0.0,0.0,3.5839053452946246e-05,0.0,0.00018718381761573255,0.0,0.0,0.0,0.0,0.0,0.0,0.0,0.002515715779736638,4.821241739172422e-10,0.0,0.0,0.0,0.0,0.0,0.0,0.0,0.0,0.0,0.0,9.19584741687629e-10,0.0,3.451643859619935e-09,0.0,0.0,0.0,0.0,0.0,0.0,0.0,0.0,0.0,0.0,0.0,0.0,0.0,0.0,0.0,0.0,0.0,0.0,0.0,0.0,0.0,0.0,0.0,0.0,0.0,0.0,0.0,0.0,0.0,0.0,0.0,25000.0,0.0,0.0,0.0,0.0,0.0,0.0,0.0,0.0,0.0,0.0,0.0,0.0,0.0,25000.0,0.0,0.0,0.0,0.0,0.0,0.0,0.0,0.0,0.0,0.0,0.0,0.0,0.0,0.0,0.0,0.0,0.0,0.0,0.0,0.0,0.0,0.0,168.54000854492188,0.1133333370089531
2020-06-01,2.4147844314575195,5629.69970703125,6228.169921875,821074.5625,891311.25,7326.919921875,6553.134765625,12956.6201171875,12781.3046875,15999.880859375,5617.94287109375,11.757147789001465,821074.5625,112375.78125,708698.8125,38820.9453125,21271.94140625,5965580.5,4.0,2.0,16581.490234375,16000.0,16000.0,0.0,0.0,0.0,0.0,13681432.0,7370295.5,7563732.0,2592415.75,2169888.75,1089954944.0,1151361920.0,10392000.0,10392000.0,0.0,0.0,7355906.5,14388.787109375,489732544.0,33996740.0,5703080960.0,0.5654962658882141,0.5127125382423401,145.84695434570312,143.10964965820312,63.37104797363281,0.008923574350774288,254.8267059326172,285.9544372558594,257.1814880371094,282.6082763671875,287.2279968261719,195.27548217773438,220.48915100097656,276.916015625,288.7678527832031,281.7406921386719,284.81494140625,289.7158203125,171.8895721435547,267.0968017578125,301.2165832519531,288.84722900390625,276.3868408203125,289.36505126953125,285.85076904296875,245.2074737548828,249.5870361328125,271.9303894042969,346968.75,5216590.5,2396494.0,208570.90625,1070953.5,6812036.0,57513.4765625,159832.5,1504207.625,1543800.5,228910.4375,735006.375,3117374.5,-0.004959686193615198,30067.294921875,3004135.0,377480.59375,308901.25,867036.375,6010861.0,-0.143715962767601,-0.06183156371116638,0.18927697837352753,0.31132835149765015,0.07953692972660065,0.05390884354710579,0.1302759200334549,0.05082586780190468,-0.019196240231394768,0.16272668540477753,0.11395756155252457,0.02121974714100361,0.09339870512485504,0.24334485828876495,0.0,0.05342099070549011,0.02349867671728134,-0.024478115141391754,-0.03544936701655388,0.29566502571105957,0.2493896484375,0.0,338163.53125,5210767.5,2395855.75,154596.5,1068328.625,6796227.0,57513.4765625,155769.5,1504206.875,1543800.5,178593.234375,732839.0,3116607.75,-0.004975309129804373,30001.7109375,3004135.25,377480.59375,294493.40625,865102.5,6002527.5,-0.1434088796377182,8805.2275390625,5822.638671875,638.2520751953125,53974.41796875,2624.96435546875,15809.17578125,0.0002739597694016993,4063.0,0.7157197594642639,-0.0004864606889896095,50317.2109375,2167.41845703125,766.8895874023438,1.5623296349076554e-05,65.58251190185547,-0.0014422235544770956,0.0004947257693856955,14407.85546875,1933.87548828125,8333.33203125,-0.00030708126723766327,93034712.0,743730624.0,344651264.0,435086816.0,134399568.0,909814336.0,8099050.5,42505564.0,211823504.0,217400272.0,400190784.0,90238400.0,442166400.0,-0.6984657049179077,4797832.5,423042304.0,53156780.0,163998640.0,126452264.0,858492032.0,-23.07377815246582,51113000.0,706217408.0,341474304.0,29157668.0,109919392.0,759945600.0,8099049.0,23568368.0,211819248.0,217400272.0,33672992.0,65931708.0,437719104.0,-0.7750529646873474,4492394.0,423042304.0,53156780.0,54294848.0,113700000.0,805985088.0,-21.475284576416016,41921712.0,37513208.0,3176953.75,405929120.0,24480178.0,149868720.0,1.5196009874343872,18937196.0,4252.22119140625,-2.2410614490509033,366517792.0,24306690.0,4447312.0,0.0765872448682785,305438.4375,-6.932648181915283,2.3276045322418213,109703800.0,12752267.0,52506908.0,-1.598494529724121,0.0,141172.90625,179072.640625,0.0,45710.77734375,147239.421875,0.0,0.0,0.0,0.0,0.0,242.32229614257812,79840.3828125,0.0,0.0,0.0,0.0,0.0,115126.953125,112668.3515625,0.0,0.0,99491744.0,206172608.0,0.0,54065432.0,181077248.0,0.0,0.0,0.0,0.0,0.0,24604764.0,149002352.0,0.0,0.0,0.0,0.0,0.0,128140816.0,247399328.0,0.0,0.0,4.0,0.0,0.0,0.0,2.0,0.0,0.0,0.0,0.0,5629.69970703125,0.0,0.0,6228.169921875,0.0,0.0,821074.5625,0.0,0.0,891311.25,0.0,0.0,7326.919921875,0.0,0.0,6553.134765625,0.0,0.0,15999.880859375,0.0,0.0,12956.6201171875,0.0,0.0,5617.94287109375,0.0,0.0,11.757147789001465,0.0,0.0,112375.78125,0.0,0.0,708698.8125,0.0,0.0,0.5654962658882141,0.0,0.0,0.5127125382423401,0.0,0.0,145.84695434570312,0.0,0.0,143.10964965820312,0.0,0.0,0.008923574350774288,0.0,0.0,63.37104797363281,0.0,0.0,7370295.5,0.0,0.0,7563732.0,0.0,0.0,1089954944.0,0.0,0.0,1151361920.0,0.0,0.0,2592415.75,0.0,0.0,2169888.75,0.0,0.0,13681432.0,0.0,0.0,9962711.0,0.0,0.0,7355906.5,0.0,0.0,14388.787109375,0.0,0.0,133185144.0,0.0,0.0,956769728.0,0.0,0.0,0.0,16000.0,0.0,0.0,16581.490234375,0.0,0.0,16000.0,0.0,0.0,0.0,0.0,0.0,0.0,0.0,0.0,0.0,0.0,0.0,38820.9453125,0.0,0.0,5965580.5,0.0,0.0,21271.94140625,0.0,0.0,0.0,0.0,0.0,0.0,0.0,0.0,0.0,1466.8775634765625,1241.337646484375,0.0,1174.0474853515625,1747.437255859375,0.0,0.0,0.0,0.0,0.0,0.0,1880.9888916015625,1318.06689453125,0.0,1148.064208984375,1881.0496826171875,0.0,0.0,0.0,0.0,0.0,0.0,254658.25,179072.640625,0.0,161080.046875,226263.625,0.0,0.0,0.0,0.0,0.0,0.0,257948.125,211670.75,0.0,167351.796875,254340.546875,0.0,0.0,0.0,0.0,0.0,0.0,2448.130126953125,1141.6944580078125,0.0,1393.6500244140625,2343.4453125,0.0,0.0,0.0,0.0,0.0,0.0,2119.010986328125,931.1597900390625,0.0,1384.0135498046875,2118.950439453125,0.0,0.0,0.0,0.0,0.0,0.0,3915.0078125,2383.0322265625,0.0,2567.697509765625,4090.882568359375,0.0,0.0,0.0,0.0,0.0,0.0,4000.0,2249.2265625,0.0,2532.077880859375,4000.0,0.0,0.0,0.0,0.0,0.0,0.0,2923283.25,1452077.875,0.0,1304503.875,1690430.25,0.0,0.0,0.0,0.0,0.0,0.0,610122.125,536931.875,0.0,648800.0625,796561.625,0.0,0.0,0.0,0.0,0.0,0.0,455557248.0,206172608.0,0.0,206811008.0,221414032.0,0.0,0.0,0.0,0.0,0.0,0.0,3111298.0,1423901.25,0.0,1272238.0,1756294.625,0.0,0.0,0.0,0.0,0.0,0.0,364702.0,504383.84375,0.0,621097.4375,679705.3125,0.0,0.0,0.0,0.0,0.0,0.0,476858432.0,217782176.0,0.0,218817488.0,237903840.0,0.0,0.0,0.0,0.0,0.0,0.0,0.6253193616867065,0.47909319400787354,0.0,0.5427625775337219,0.5728459358215332,0.0,0.0,0.0,0.0,0.0,0.0,0.5297527313232422,0.4139910936355591,0.0,0.5465920567512512,0.5297375917434692,0.0,0.0,0.0,0.0,0.0,0.0,173.6056671142578,144.25779724121094,0.0,137.2006378173828,129.48312377929688,0.0,0.0,0.0,0.0,0.0,0.0,137.1343231201172,160.59181213378906,0.0,145.7686767578125,135.2120361328125,0.0,0.0,0.0,0.0,0.0,0.0,0.0,0.0,8000.0,0.0,0.0,8000.0,0.0,0.0,0.0,0.0,0.0,0.0,0.0,8000.0,0.0,0.0,8000.0,0.0,0.0,0.0,0.0,0.0,0.0,0.0,0.0,0.0,0.0,0.0,0.0,0.0,0.0,0.0,0.0,0.0,0.0,0.0,0.0,0.0,0.0,0.0,0.0,0.0,0.0,0.0,0.0,0.0,5968000.0,0.0,0.0,4424000.0,0.0,0.0,0.0,0.0,0.0,0.0,0.0,5968000.0,0.0,0.0,4424000.0,0.0,0.0,0.0,0.0,0.0,0.0,0.0,0.0,0.0,0.0,0.0,0.0,0.0,0.0,0.0,0.0,0.0,0.0,0.0,0.0,0.0,0.0,0.0,0.0,0.0,0.0,0.0,167.76394653320312,178.1981201171875,351.4195556640625,169.83505249023438,235.11839294433594,362.8072814941406,0.0,0.0,0.0,0.0,0.0,0.0,0.0,0.0,0.0,0.0,0.0,0.0,0.0,0.0,0.0,0.0,58.77281188964844,14.628137588500977,308.1822509765625,38.76939010620117,2943.92236328125,155.72592163085938,0.0,0.0,0.0,0.0,0.0,4922.6787109375,3025.45751953125,0.0,3146.560302734375,4905.1845703125,0.0,271.19989013671875,214.3255615234375,241.57940673828125,326.8077392578125,313.8345947265625,216.22952270507812,263.070068359375,325.4721374511719,211.68898010253906,240.72947692871094,311.43505859375,275.3665771484375,218.1874542236328,245.23165893554688,319.3651428222656,305.2552490234375,221.623291015625,269.9844970703125,317.9786682128906,215.358642578125,243.86154174804688,302.9936218261719,273.5533752441406,216.58590698242188,243.96766662597656,322.5218200683594,308.91156005859375,219.3529510498047,266.9503479003906,321.16510009765625,213.82046508789062,242.79588317871094,306.6014709472656,0.0,0.0,0.0,0.0,0.0,5.0,5.0,2.0,5.0,5.0,2.0,3.0,3.0,3.0,3.0,3.0,1.0,1.0,2.0,1.0,1.0,2.0,0.0,0.0,0.0,0.0,0.0,0.0,0.0,0.0,0.0,0.0,0.0,0.0,0.0,0.0,0.0,0.0,0.0,0.0,0.0,0.0,0.0,0.0,0.0,0.0,0.0,0.0,0.0,6.098176002502441,3.694732413350721e-06,0.0,0.0,0.0,0.0,0.0,0.0,0.0,0.0,0.0,0.0,2.2003503090672893e-06,0.0,9.611269888409879e-06,0.0,0.0,0.0,0.0,0.0,0.0,0.0,1096.6500244140625,6.277349893935025e-05,0.0,8.202558183562517e-20,0.0,0.0,0.0,0.0,0.0,0.0,0.0,0.0,8.055760554270819e-05,0.0,0.0003935882414225489,0.0,0.0,0.0,0.0,0.0,0.0,0.0,0.0024909526109695435,3.236183099275536e-09,0.0,0.0,0.0,0.0,0.0,0.0,0.0,0.0,0.0,0.0,1.9272672346914987e-09,0.0,6.896473170314721e-09,0.0,0.0,0.0,0.0,0.0,0.0,0.0,0.0,0.0,0.0,0.0,0.0,0.0,0.0,0.0,0.0,0.0,0.0,0.0,0.0,0.0,0.0,0.0,0.0,0.0,0.0,0.0,0.0,0.0,0.0,0.0,25000.0,0.0,0.0,0.0,0.0,0.0,0.0,0.0,0.0,0.0,0.0,0.0,0.0,0.0,25000.0,0.0,0.0,0.0,0.0,0.0,0.0,0.0,0.0,0.0,0.0,0.0,0.0,0.0,0.0,0.0,0.0,0.0,0.0,0.0,0.0,0.0,0.0,177.20001220703125,0.15076923370361328
2020-07-01,2.496919870376587,5449.16162109375,5958.9833984375,787707.75,844068.5625,7534.98583984375,6888.2802734375,12984.1474609375,12847.263671875,15911.6484375,5438.50048828125,10.661200523376465,787707.75,100581.90625,687125.8125,38658.98046875,21716.482421875,5974139.5,4.0,2.0,16581.373046875,16000.0,16000.0,0.0,0.0,0.0,0.0,14159079.0,7535313.5,7745543.0,2816079.0,2372108.5,1113905664.0,1177225728.0,10872000.0,10872000.0,0.0,0.0,7520591.5,14721.68359375,489988896.0,33831720.0,5679130624.0,0.5803219676017761,0.5361670851707458,144.55575561523438,141.6464080810547,60.6668815612793,0.009565712884068489,254.9691162109375,285.8988342285156,256.91278076171875,282.8348083496094,287.2232971191406,195.72532653808594,220.7239532470703,277.1866149902344,288.8082275390625,281.854736328125,284.87060546875,289.7713317871094,172.13768005371094,268.1881103515625,301.4070129394531,289.146240234375,276.5273742675781,289.6346435546875,285.9642333984375,245.01541137695312,249.6457061767578,271.94140625,347609.0,5168980.5,2370154.0,208026.359375,1072398.625,6796268.5,57430.6484375,159851.390625,1491798.75,1536767.125,228790.71875,735318.375,3095826.75,-0.0049596005119383335,30018.046875,3002481.0,378210.21875,309763.625,864301.9375,5977725.0,-0.1438339799642563,-0.0637909397482872,0.196676105260849,0.3188975751399994,0.08194012939929962,0.052632201462984085,0.13228905200958252,0.05219285935163498,-0.019316641613841057,0.16963376104831696,0.11799430847167969,0.02173166535794735,0.09301389008760452,0.24857497215270996,0.0,0.05497142672538757,0.024036357179284096,-0.02645828388631344,-0.03834007680416107,0.29788634181022644,0.25352752208709717,0.0,338559.0,5163052.0,2369521.25,154198.234375,1069804.625,6780590.0,57430.6484375,155719.109375,1491798.0,1536767.125,178562.953125,733154.75,3095241.5,-0.004975378513336182,29953.62890625,3002481.0,378210.21875,295337.65625,862335.9375,5969397.5,-0.1435275375843048,9050.0185546875,5928.5751953125,632.8496704101562,53828.125,2593.996826171875,15678.5185546875,0.00026930522290058434,4132.2763671875,0.7365996837615967,-0.00041597094968892634,50227.76953125,2163.630126953125,585.2216796875,1.577795046614483e-05,64.41792297363281,-0.0015433086082339287,0.0004473259032238275,14425.9560546875,1965.961669921875,8327.453125,-0.0003064456395804882,94321560.0,737443712.0,340926592.0,434124992.0,134438592.0,906262336.0,8087386.5,42817964.0,210076096.0,216409904.0,399391424.0,90280728.0,439138720.0,-0.6984525918960571,4786916.5,422809376.0,53259528.0,164173808.0,126233888.0,854147136.0,-23.09016990661621,51221476.0,699159296.0,337771424.0,29111538.0,110336256.0,757969728.0,8087385.0,23562908.0,210071728.0,216409920.0,33687784.0,66057908.0,435775648.0,-0.7756922841072083,4487542.0,422809376.0,53259524.0,54473944.0,113244824.0,801692672.0,-21.495336532592773,43100084.0,38284376.0,3155162.75,405013440.0,24102328.0,148292560.0,1.495737910270691,19255058.0,4380.3671875,-1.9085546731948853,365703648.0,24222820.0,3363079.5,0.07723969966173172,299374.78125,-7.423008441925049,2.104694128036499,109699864.0,12989064.0,52454488.0,-1.5948333740234375,0.0,134987.078125,182108.515625,0.0,45388.74609375,132369.4375,0.0,0.0,0.0,0.0,0.0,-683.070556640625,74061.125,0.0,0.0,0.0,0.0,0.0,111715.5078125,107759.6328125,0.0,0.0,103596456.0,211571456.0,0.0,55428784.0,185218400.0,0.0,0.0,0.0,0.0,0.0,24591266.0,151281632.0,0.0,0.0,0.0,0.0,0.0,131529240.0,250687824.0,0.0,0.0,4.0,0.0,0.0,0.0,2.0,0.0,0.0,0.0,0.0,5449.16162109375,0.0,0.0,5958.9833984375,0.0,0.0,787707.75,0.0,0.0,844068.5625,0.0,0.0,7534.98583984375,0.0,0.0,6888.2802734375,0.0,0.0,15911.6484375,0.0,0.0,12984.1474609375,0.0,0.0,5438.50048828125,0.0,0.0,10.661200523376465,0.0,0.0,100581.90625,0.0,0.0,687125.8125,0.0,0.0,0.5803219676017761,0.0,0.0,0.5361670851707458,0.0,0.0,144.55575561523438,0.0,0.0,141.6464080810547,0.0,0.0,0.009565712884068489,0.0,0.0,60.6668815612793,0.0,0.0,7535313.5,0.0,0.0,7745543.0,0.0,0.0,1113905664.0,0.0,0.0,1177225728.0,0.0,0.0,2816079.0,0.0,0.0,2372108.5,0.0,0.0,14159079.0,0.0,0.0,10351392.0,0.0,0.0,7520591.5,0.0,0.0,14721.68359375,0.0,0.0,136342592.0,0.0,0.0,977563072.0,0.0,0.0,0.0,16000.0,0.0,0.0,16581.373046875,0.0,0.0,16000.0,0.0,0.0,0.0,0.0,0.0,0.0,0.0,0.0,0.0,0.0,0.0,38658.98046875,0.0,0.0,5974139.5,0.0,0.0,21716.482421875,0.0,0.0,0.0,0.0,0.0,0.0,0.0,0.0,0.0,1369.7109375,1262.444580078125,0.0,1136.918701171875,1680.0875244140625,0.0,0.0,0.0,0.0,0.0,0.0,1716.852783203125,1319.6085205078125,0.0,1100.0296630859375,1822.492431640625,0.0,0.0,0.0,0.0,0.0,0.0,231874.28125,182108.515625,0.0,156421.1875,217303.734375,0.0,0.0,0.0,0.0,0.0,0.0,223893.953125,211521.65625,0.0,162594.109375,246058.859375,0.0,0.0,0.0,0.0,0.0,0.0,2513.997314453125,1220.9156494140625,0.0,1388.357177734375,2411.715576171875,0.0,0.0,0.0,0.0,0.0,0.0,2283.147216796875,1040.1531982421875,0.0,1387.4720458984375,2177.507568359375,0.0,0.0,0.0,0.0,0.0,0.0,3883.708251953125,2483.360107421875,0.0,2525.27587890625,4091.80322265625,0.0,0.0,0.0,0.0,0.0,0.0,4000.0,2359.76171875,0.0,2487.501708984375,4000.0,0.0,0.0,0.0,0.0,0.0,0.0,2965365.25,1489515.75,0.0,1338927.625,1741504.625,0.0,0.0,0.0,0.0,0.0,0.0,684881.125,572499.0625,0.0,690458.5625,868240.25,0.0,0.0,0.0,0.0,0.0,0.0,462763104.0,211571456.0,0.0,211549296.0,228021840.0,0.0,0.0,0.0,0.0,0.0,0.0,3165001.25,1463301.0,0.0,1305646.625,1811594.0,0.0,0.0,0.0,0.0,0.0,0.0,430998.75,534136.75,0.0,662567.1875,744406.0,0.0,0.0,0.0,0.0,0.0,0.0,483986656.0,224106944.0,0.0,223760752.0,245371408.0,0.0,0.0,0.0,0.0,0.0,0.0,0.6473187804222107,0.49163854122161865,0.0,0.5497843623161316,0.5894016623497009,0.0,0.0,0.0,0.0,0.0,0.0,0.5707868337631226,0.4407873749732971,0.0,0.5577773451805115,0.5443769097328186,0.0,0.0,0.0,0.0,0.0,0.0,169.28701782226562,144.25070190429688,0.0,137.58343505859375,129.34072875976562,0.0,0.0,0.0,0.0,0.0,0.0,130.40953063964844,160.2912139892578,0.0,147.808837890625,135.0122833251953,0.0,0.0,0.0,0.0,0.0,0.0,0.0,0.0,8000.0,0.0,0.0,8000.0,0.0,0.0,0.0,0.0,0.0,0.0,0.0,8000.0,0.0,0.0,8000.0,0.0,0.0,0.0,0.0,0.0,0.0,0.0,0.0,0.0,0.0,0.0,0.0,0.0,0.0,0.0,0.0,0.0,0.0,0.0,0.0,0.0,0.0,0.0,0.0,0.0,0.0,0.0,0.0,0.0,6208000.0,0.0,0.0,4664000.0,0.0,0.0,0.0,0.0,0.0,0.0,0.0,6208000.0,0.0,0.0,4664000.0,0.0,0.0,0.0,0.0,0.0,0.0,0.0,0.0,0.0,0.0,0.0,0.0,0.0,0.0,0.0,0.0,0.0,0.0,0.0,0.0,0.0,0.0,0.0,0.0,0.0,0.0,0.0,169.3834686279297,172.62535095214844,352.79461669921875,170.56967163085938,234.80270385742188,363.0657958984375,0.0,0.0,0.0,0.0,0.0,0.0,0.0,0.0,0.0,0.0,0.0,0.0,0.0,0.0,0.0,0.0,59.36736297607422,14.083319664001465,308.15771484375,43.29765319824219,2943.438232421875,155.7235870361328,0.0,0.0,0.0,0.0,0.0,4804.02734375,3138.720458984375,0.0,3089.261962890625,4879.638671875,0.0,270.722900390625,214.30882263183594,241.31394958496094,328.1828308105469,314.0924377441406,216.84954833984375,262.2792053222656,326.8456115722656,211.67245483398438,240.46287536621094,311.69281005859375,275.0806579589844,218.13526916503906,244.98931884765625,320.6709289550781,305.51171875,222.1561279296875,269.5093078613281,319.282958984375,215.30654907226562,243.6126251220703,303.2499694824219,273.19158935546875,216.54812622070312,243.72076416015625,323.85418701171875,309.16851806640625,219.91944885253906,266.3497009277344,322.4957580566406,213.78277587890625,242.544677734375,306.85833740234375,0.0,0.0,0.0,0.0,0.0,5.0,5.0,2.0,5.0,5.0,2.0,3.0,3.0,3.0,3.0,3.0,1.0,1.0,2.0,1.0,1.0,2.0,0.0,0.0,0.0,0.0,0.0,0.0,0.0,0.0,0.0,0.0,0.0,0.0,0.0,0.0,0.0,0.0,0.0,0.0,0.0,0.0,0.0,0.0,0.0,0.0,0.0,0.0,0.0,6.17512845993042,3.752423799596727e-05,0.0,0.0,0.0,0.0,0.0,0.0,0.0,0.0,0.0,0.0,5.366844561649486e-06,0.0,1.8951572201331146e-05,0.0,0.0,0.0,0.0,0.0,0.0,0.0,1281.3623046875,0.0006964740459807217,0.0,2.0132420641622534e-19,0.0,0.0,0.0,0.0,0.0,0.0,0.0,0.0,0.00020181907166261226,0.0,0.0008522126008756459,0.0,0.0,0.0,0.0,0.0,0.0,0.0,0.002456298563629389,3.073450827173474e-08,0.0,0.0,0.0,0.0,0.0,0.0,0.0,0.0,0.0,0.0,4.395753983033046e-09,0.0,1.3650359065309203e-08,0.0,0.0,0.0,0.0,0.0,0.0,0.0,0.0,0.0,0.0,0.0,0.0,0.0,0.0,0.0,0.0,0.0,0.0,0.0,0.0,0.0,0.0,0.0,0.0,0.0,0.0,0.0,0.0,0.0,0.0,0.0,25000.0,0.0,0.0,0.0,0.0,0.0,0.0,0.0,0.0,0.0,0.0,0.0,0.0,0.0,25000.0,0.0,0.0,0.0,0.0,0.0,0.0,0.0,0.0,0.0,0.0,0.0,0.0,0.0,0.0,0.0,0.0,0.0,0.0,0.0,0.0,0.0,0.0,181.8100128173828,0.21000000834465027
