DATE,"BPR:15,28,1","BPR:15,28,10","BPR:15,28,13",BPR:1095,BPR:24135,BPR:31815,FGIP,FGIR,FGIRH,FGIT,FGITH,FGLIR,FGLR,FGOR,FGORH,FGPP,FGPR,FGPRF,FGPRH,FGPRS,FGPT,FGPTH,FGSR,FLPR,FLPRH,FMCTP,FMWIN,FMWPR,FOIP,FOPP,FOPR,FOPRF,FOPRH,FOPRS,FOPT,FOPTF,FOPTH,FOPTS,FPR,FVIR,FVPR,FVPT,FWCT,FWCTH,FWGR,FWIP,FWIR,FWIRH,FWIT,FWITH,FWPP,FWPR,FWPRH,FWPT,FWPTH,GGIR:OP,GGIR:WI,GGIRH:OP,GGIRH:WI,GGLIR:OP,GGLIR:WI,GGLR:OP,GGLR:WI,GGOR:OP,GGOR:WI,GGORH:OP,GGORH:WI,GGPP:OP,GGPP:WI,GGPR:OP,GGPR:WI,GGPRF:OP,GGPRF:WI,GGPRH:OP,GGPRH:WI,GGPRS:OP,GGPRS:WI,GGPT:OP,GGPT:WI,GGPTF:OP,GGPTF:WI,GGPTH:OP,GGPTH:WI,GGPTS:OP,GGPTS:WI,GLPR:OP,GLPR:WI,GLPT:OP,GLPT:WI,GMCTP:OP,GMCTP:WI,GMWPR:GMWIN,GOPP:OP,GOPP:WI,GOPR:OP,GOPR:WI,GOPRF:OP,GOPRF:WI,GOPRH:OP,GOPRH:WI,GOPRS:OP,GOPRS:WI,GOPT:OP,GOPT:WI,GOPTF:OP,GOPTF:WI,GOPTH:OP,GOPTH:WI,GOPTS:OP,GOPTS:WI,GVIR:OP,GVIR:WI,GVPR:OP,GVPR:WI,GVPT:OP,GVPT:WI,GWCT:OP,GWCT:WI,GWCTH:OP,GWCTH:WI,GWGR:OP,GWGR:WI,GWIR:OP,GWIR:WI,GWIRH:OP,GWIRH:WI,GWPP:OP,GWPP:WI,GWPR:OP,GWPR:WI,GWPRH:OP,GWPRH:WI,GWPT:OP,GWPT:WI,GWPTH:OP,GWPTH:WI,RGIP:1,RGIP:2,RGIP:3,RGIP:4,RGIP:5,RGIP:6,RGIPG:1,RGIPG:2,RGIPG:3,RGIPG:4,RGIPG:5,RGIPG:6,RGIPL:1,RGIPL:2,RGIPL:3,RGIPL:4,RGIPL:5,RGIPL:6,RGPR:1,RGPR:2,RGPR:3,RGPR:4,RGPR:5,RGPR:6,RGPT:1,RGPT:2,RGPT:3,RGPT:4,RGPT:5,RGPT:6,ROIP:1,ROIP:2,ROIP:3,ROIP:4,ROIP:5,ROIP:6,ROIPG:1,ROIPG:2,ROIPG:3,ROIPG:4,ROIPG:5,ROIPG:6,ROIPL:1,ROIPL:2,ROIPL:3,ROIPL:4,ROIPL:5,ROIPL:6,RPR:1,RPR:2,RPR:3,RPR:4,RPR:5,RPR:6,TCPU,TCPUDAY,WBHP:OP_1,WBHP:OP_2,WBHP:OP_3,WBHP:OP_4,WBHP:OP_5,WBHP:WI_1,WBHP:WI_2,WBHP:WI_3,WBP4:OP_1,WBP4:OP_2,WBP4:OP_3,WBP4:OP_4,WBP4:OP_5,WBP4:WI_1,WBP4:WI_2,WBP4:WI_3,WBP9:OP_1,WBP9:OP_2,WBP9:OP_3,WBP9:OP_4,WBP9:OP_5,WBP9:WI_1,WBP9:WI_2,WBP9:WI_3,WBP:OP_1,WBP:OP_2,WBP:OP_3,WBP:OP_4,WBP:OP_5,WBP:WI_1,WBP:WI_2,WBP:WI_3,WGIR:OP_1,WGIR:OP_2,WGIR:OP_3,WGIR:OP_4,WGIR:OP_5,WGIR:WI_1,WGIR:WI_2,WGIR:WI_3,WGIRH:OP_1,WGIRH:OP_2,WGIRH:OP_3,WGIRH:OP_4,WGIRH:OP_5,WGIRH:WI_1,WGIRH:WI_2,WGIRH:WI_3,WGIT:OP_1,WGIT:OP_2,WGIT:OP_3,WGIT:OP_4,WGIT:OP_5,WGIT:WI_1,WGIT:WI_2,WGIT:WI_3,WGITH:OP_1,WGITH:OP_2,WGITH:OP_3,WGITH:OP_4,WGITH:OP_5,WGITH:WI_1,WGITH:WI_2,WGITH:WI_3,WGLIR:OP_1,WGLIR:OP_2,WGLIR:OP_3,WGLIR:OP_4,WGLIR:OP_5,WGLIR:WI_1,WGLIR:WI_2,WGLIR:WI_3,WGOR:OP_1,WGOR:OP_2,WGOR:OP_3,WGOR:OP_4,WGOR:OP_5,WGOR:WI_1,WGOR:WI_2,WGOR:WI_3,WGORH:OP_1,WGORH:OP_2,WGORH:OP_3,WGORH:OP_4,WGORH:OP_5,WGORH:WI_1,WGORH:WI_2,WGORH:WI_3,WGPR:OP_1,WGPR:OP_2,WGPR:OP_3,WGPR:OP_4,WGPR:OP_5,WGPR:WI_1,WGPR:WI_2,WGPR:WI_3,WGPRH:OP_1,WGPRH:OP_2,WGPRH:OP_3,WGPRH:OP_4,WGPRH:OP_5,WGPRH:WI_1,WGPRH:WI_2,WGPRH:WI_3,WGPT:OP_1,WGPT:OP_2,WGPT:OP_3,WGPT:OP_4,WGPT:OP_5,WGPT:WI_1,WGPT:WI_2,WGPT:WI_3,WGPTH:OP_1,WGPTH:OP_2,WGPTH:OP_3,WGPTH:OP_4,WGPTH:OP_5,WGPTH:WI_1,WGPTH:WI_2,WGPTH:WI_3,WLPR:OP_1,WLPR:OP_2,WLPR:OP_3,WLPR:OP_4,WLPR:OP_5,WLPR:WI_1,WLPR:WI_2,WLPR:WI_3,WMCTL:OP_1,WMCTL:OP_2,WMCTL:OP_3,WMCTL:OP_4,WMCTL:OP_5,WMCTL:WI_1,WMCTL:WI_2,WMCTL:WI_3,WOGLR:OP_1,WOGLR:OP_2,WOGLR:OP_3,WOGLR:OP_4,WOGLR:OP_5,WOGLR:WI_1,WOGLR:WI_2,WOGLR:WI_3,WOPR:OP_1,WOPR:OP_2,WOPR:OP_3,WOPR:OP_4,WOPR:OP_5,WOPR:WI_1,WOPR:WI_2,WOPR:WI_3,WOPRH:OP_1,WOPRH:OP_2,WOPRH:OP_3,WOPRH:OP_4,WOPRH:OP_5,WOPRH:WI_1,WOPRH:WI_2,WOPRH:WI_3,WOPT:OP_1,WOPT:OP_2,WOPT:OP_3,WOPT:OP_4,WOPT:OP_5,WOPT:WI_1,WOPT:WI_2,WOPT:WI_3,WOPTH:OP_1,WOPTH:OP_2,WOPTH:OP_3,WOPTH:OP_4,WOPTH:OP_5,WOPTH:WI_1,WOPTH:WI_2,WOPTH:WI_3,WPI:OP_1,WPI:OP_2,WPI:OP_3,WPI:OP_4,WPI:OP_5,WPI:WI_1,WPI:WI_2,WPI:WI_3,WTHP:OP_1,WTHP:OP_2,WTHP:OP_3,WTHP:OP_4,WTHP:OP_5,WTHP:WI_1,WTHP:WI_2,WTHP:WI_3,WVPR:OP_1,WVPR:OP_2,WVPR:OP_3,WVPR:OP_4,WVPR:OP_5,WVPR:WI_1,WVPR:WI_2,WVPR:WI_3,WWCT:OP_1,WWCT:OP_2,WWCT:OP_3,WWCT:OP_4,WWCT:OP_5,WWCT:WI_1,WWCT:WI_2,WWCT:WI_3,WWCTH:OP_1,WWCTH:OP_2,WWCTH:OP_3,WWCTH:OP_4,WWCTH:OP_5,WWCTH:WI_1,WWCTH:WI_2,WWCTH:WI_3,WWIR:OP_1,WWIR:OP_2,WWIR:OP_3,WWIR:OP_4,WWIR:OP_5,WWIR:WI_1,WWIR:WI_2,WWIR:WI_3,WWIRH:OP_1,WWIRH:OP_2,WWIRH:OP_3,WWIRH:OP_4,WWIRH:OP_5,WWIRH:WI_1,WWIRH:WI_2,WWIRH:WI_3,WWIT:OP_1,WWIT:OP_2,WWIT:OP_3,WWIT:OP_4,WWIT:OP_5,WWIT:WI_1,WWIT:WI_2,WWIT:WI_3,WWITH:OP_1,WWITH:OP_2,WWITH:OP_3,WWITH:OP_4,WWITH:OP_5,WWITH:WI_1,WWITH:WI_2,WWITH:WI_3,WWPR:OP_1,WWPR:OP_2,WWPR:OP_3,WWPR:OP_4,WWPR:OP_5,WWPR:WI_1,WWPR:WI_2,WWPR:WI_3,WWPRH:OP_1,WWPRH:OP_2,WWPRH:OP_3,WWPRH:OP_4,WWPRH:OP_5,WWPRH:WI_1,WWPRH:WI_2,WWPRH:WI_3,WWPT:OP_1,WWPT:OP_2,WWPT:OP_3,WWPT:OP_4,WWPT:OP_5,WWPT:WI_1,WWPT:WI_2,WWPT:WI_3,WWPTH:OP_1,WWPTH:OP_2,WWPTH:OP_3,WWPTH:OP_4,WWPTH:OP_5,WWPTH:WI_1,WWPTH:WI_2,WWPTH:WI_3,YEARS
2000-01-01,308.7944641113281,310.3719482421875,310.9497375488281,308.7944641113281,310.3719482421875,310.9497375488281,10626737152.0,0.0,0.0,0.0,0.0,0.0,0.0,0.0,0.0,0.0,0.0,0.0,0.0,0.0,0.0,0.0,0.0,0.0,0.0,0.0,0.0,0.0,57754008.0,0.0,0.0,0.0,0.0,0.0,0.0,0.0,0.0,0.0,306.37933349609375,0.0,0.0,0.0,0.0,0.0,0.0,344945920.0,0.0,0.0,0.0,0.0,0.0,0.0,0.0,0.0,0.0,0.0,0.0,0.0,0.0,0.0,0.0,0.0,0.0,0.0,0.0,0.0,0.0,0.0,0.0,0.0,0.0,0.0,0.0,0.0,0.0,0.0,0.0,0.0,0.0,0.0,0.0,0.0,0.0,0.0,0.0,0.0,0.0,0.0,0.0,0.0,0.0,0.0,0.0,0.0,0.0,0.0,0.0,0.0,0.0,0.0,0.0,0.0,0.0,0.0,0.0,0.0,0.0,0.0,0.0,0.0,0.0,0.0,0.0,0.0,0.0,0.0,0.0,0.0,0.0,0.0,0.0,0.0,0.0,0.0,0.0,0.0,0.0,0.0,0.0,0.0,0.0,0.0,0.0,0.0,0.0,0.0,4066067200.0,0.0,3970075904.0,0.0,2590594048.0,0.0,0.0,0.0,0.0,0.0,0.0,0.0,4066067200.0,0.0,3970075904.0,0.0,2590594048.0,0.0,0.0,0.0,0.0,0.0,0.0,0.0,0.0,0.0,0.0,0.0,0.0,0.0,22098192.0,0.0,21576500.0,0.0,14079316.0,0.0,0.0,0.0,0.0,0.0,0.0,0.0,22098192.0,0.0,21576500.0,0.0,14079316.0,0.0,305.8308410644531,311.28765869140625,306.53271484375,312.9186706542969,307.00537109375,313.72998046875,1.5100001096725464,0.0,0.0,0.0,0.0,0.0,0.0,0.0,0.0,0.0,0.0,0.0,0.0,0.0,0.0,0.0,0.0,0.0,0.0,0.0,0.0,0.0,0.0,0.0,0.0,0.0,0.0,0.0,0.0,0.0,0.0,0.0,0.0,0.0,0.0,0.0,0.0,0.0,0.0,0.0,0.0,0.0,0.0,0.0,0.0,0.0,0.0,0.0,0.0,0.0,0.0,0.0,0.0,0.0,0.0,0.0,0.0,0.0,0.0,0.0,0.0,0.0,0.0,0.0,0.0,0.0,0.0,0.0,0.0,0.0,0.0,0.0,0.0,0.0,0.0,0.0,0.0,0.0,0.0,0.0,0.0,0.0,0.0,0.0,0.0,0.0,0.0,0.0,0.0,0.0,0.0,0.0,0.0,0.0,0.0,0.0,0.0,0.0,0.0,0.0,0.0,0.0,0.0,0.0,0.0,0.0,0.0,0.0,0.0,0.0,0.0,0.0,0.0,0.0,0.0,0.0,0.0,0.0,0.0,0.0,0.0,0.0,0.0,0.0,0.0,0.0,0.0,0.0,0.0,0.0,0.0,0.0,0.0,0.0,0.0,0.0,0.0,0.0,0.0,0.0,0.0,0.0,0.0,0.0,0.0,0.0,0.0,0.0,0.0,0.0,0.0,0.0,0.0,0.0,0.0,0.0,0.0,0.0,0.0,0.0,0.0,0.0,0.0,0.0,0.0,0.0,0.0,0.0,0.0,0.0,0.0,0.0,0.0,0.0,0.0,0.0,0.0,0.0,0.0,0.0,0.0,0.0,0.0,0.0,0.0,0.0,0.0,0.0,0.0,0.0,0.0,0.0,0.0,0.0,0.0,0.0,0.0,0.0,0.0,0.0,0.0,0.0,0.0,0.0,0.0,0.0,0.0,0.0,0.0,0.0,0.0,0.0,0.0,0.0,0.0,0.0,0.0,0.0,0.0,0.0,0.0,0.0,0.0,0.0,0.0,0.0,0.0,0.0,0.0,0.0,0.0,0.0,0.0,0.0,0.0,0.0,0.0,0.0,0.0,0.0,0.0,0.0,0.0,0.0,0.0,0.0,0.0,0.0,0.0,0.0,0.0,0.0,0.0,0.0,0.0,0.0,0.0,0.0,0.0,0.0,0.0,0.0,0.0,0.0,0.0,0.0,0.0,0.0,0.0,0.0,0.0,0.0,0.0,0.0,0.0,0.0,0.0,0.0,0.0,0.0,0.0,0.0,0.0
2000-02-01,308.8485107421875,310.4837951660156,311.0635986328125,308.8485107421875,310.4837951660156,311.0635986328125,10626738176.0,0.0,0.0,0.0,0.0,0.0,0.0,0.0,0.0,0.0,0.0,0.0,0.0,0.0,0.0,0.0,0.0,0.0,0.0,0.0,0.0,0.0,57754004.0,0.0,0.0,0.0,0.0,0.0,0.0,0.0,0.0,0.0,306.3270568847656,0.0,0.0,0.0,0.0,0.0,0.0,344945920.0,0.0,0.0,0.0,0.0,0.0,0.0,0.0,0.0,0.0,0.0,0.0,0.0,0.0,0.0,0.0,0.0,0.0,0.0,0.0,0.0,0.0,0.0,0.0,0.0,0.0,0.0,0.0,0.0,0.0,0.0,0.0,0.0,0.0,0.0,0.0,0.0,0.0,0.0,0.0,0.0,0.0,0.0,0.0,0.0,0.0,0.0,0.0,0.0,0.0,0.0,0.0,0.0,0.0,0.0,0.0,0.0,0.0,0.0,0.0,0.0,0.0,0.0,0.0,0.0,0.0,0.0,0.0,0.0,0.0,0.0,0.0,0.0,0.0,0.0,0.0,0.0,0.0,0.0,0.0,0.0,0.0,0.0,0.0,0.0,0.0,0.0,0.0,0.0,0.0,0.0,4064278016.0,1818205.875,3967191552.0,4484618.5,2588160256.0,805037.875,331.18414306640625,11.92861557006836,12.454377174377441,44.912986755371094,16.444496154785156,64.53596496582031,4064277504.0,1818193.875,3967191552.0,4484573.5,2588160256.0,804973.375,0.0,0.0,0.0,0.0,0.0,0.0,0.0,0.0,0.0,0.0,0.0,0.0,22088466.0,9881.046875,21560824.0,24369.533203125,14066088.0,4374.95556640625,0.0,0.0,0.0,0.0,0.0,0.0,22088466.0,9881.046875,21560824.0,24369.533203125,14066088.0,4374.95556640625,305.7968444824219,305.2093200683594,306.4586486816406,304.4382629394531,306.9627380371094,305.0792236328125,3.760000228881836,0.040839310735464096,0.0,0.0,0.0,0.0,0.0,0.0,0.0,0.0,0.0,0.0,0.0,0.0,0.0,0.0,0.0,0.0,0.0,0.0,0.0,0.0,0.0,0.0,0.0,0.0,0.0,0.0,0.0,0.0,0.0,0.0,0.0,0.0,0.0,0.0,0.0,0.0,0.0,0.0,0.0,0.0,0.0,0.0,0.0,0.0,0.0,0.0,0.0,0.0,0.0,0.0,0.0,0.0,0.0,0.0,0.0,0.0,0.0,0.0,0.0,0.0,0.0,0.0,0.0,0.0,0.0,0.0,0.0,0.0,0.0,0.0,0.0,0.0,0.0,0.0,0.0,0.0,0.0,0.0,0.0,0.0,0.0,0.0,0.0,0.0,0.0,0.0,0.0,0.0,0.0,0.0,0.0,0.0,0.0,0.0,0.0,0.0,0.0,0.0,0.0,0.0,0.0,0.0,0.0,0.0,0.0,0.0,0.0,0.0,0.0,0.0,0.0,0.0,0.0,0.0,0.0,0.0,0.0,0.0,0.0,0.0,0.0,0.0,0.0,0.0,0.0,0.0,0.0,0.0,0.0,0.0,0.0,0.0,0.0,0.0,0.0,0.0,0.0,0.0,0.0,0.0,0.0,0.0,0.0,0.0,0.0,0.0,0.0,0.0,0.0,0.0,0.0,0.0,0.0,0.0,0.0,0.0,0.0,0.0,0.0,0.0,0.0,0.0,0.0,0.0,0.0,0.0,0.0,0.0,0.0,0.0,0.0,0.0,0.0,0.0,0.0,0.0,0.0,0.0,0.0,0.0,0.0,0.0,0.0,0.0,0.0,0.0,0.0,0.0,0.0,0.0,0.0,0.0,0.0,0.0,0.0,0.0,0.0,0.0,0.0,0.0,0.0,0.0,0.0,0.0,0.0,0.0,0.0,0.0,0.0,0.0,0.0,0.0,0.0,0.0,0.0,0.0,0.0,0.0,0.0,0.0,0.0,0.0,0.0,0.0,0.0,0.0,0.0,0.0,0.0,0.0,0.0,0.0,0.0,0.0,0.0,0.0,0.0,0.0,0.0,0.0,0.0,0.0,0.0,0.0,0.0,0.0,0.0,0.0,0.0,0.0,0.0,0.0,0.0,0.0,0.0,0.0,0.0,0.0,0.0,0.0,0.0,0.0,0.0,0.0,0.0,0.0,0.0,0.0,0.0,0.0,0.0,0.0,0.0,0.0,0.0,0.0,0.0,0.0,0.0,0.0,0.08487337082624435
2000-03-01,310.5245361328125,301.8761901855469,302.475341796875,310.5245361328125,301.8761901855469,302.475341796875,10565280768.0,0.0,0.0,0.0,0.0,0.0,181.84515380859375,184.0,184.0226593017578,77656912.0,2107340.5,0.0,2123621.5,2107340.5,61457704.0,61585024.0,2107340.5,11588.654296875,11540.0,0.0,1.0,3.0,57419992.0,422048.4375,11452.9375,11452.9375,11540.0,0.0,334009.25,334009.25,334660.0,0.0,298.6759338378906,4978.08642578125,18442.712890625,534336.4375,0.0117111187428236,0.0,6.440159631893039e-05,345084864.0,4827.0,4827.0,139983.0,139983.0,3195.7568359375,135.71609497070312,0.0,1031.4813232421875,0.0,0.0,0.0,0.0,0.0,0.0,0.0,181.84515380859375,0.0,184.0,0.0,184.0226593017578,0.0,77656912.0,0.0,2107340.5,0.0,0.0,0.0,2123621.5,0.0,2107340.5,0.0,61457704.0,0.0,0.0,0.0,61585024.0,0.0,61457728.0,0.0,11588.654296875,0.0,335040.71875,0.0,0.0,0.0,0.0,422048.4375,0.0,11452.9375,0.0,11452.9375,0.0,11540.0,0.0,0.0,0.0,334009.25,0.0,334009.25,0.0,334660.0,0.0,0.0,0.0,0.0,4978.08642578125,18442.712890625,0.0,534336.4375,0.0,0.0117111187428236,0.0,0.0,0.0,6.440159631893039e-05,0.0,0.0,4827.0,0.0,4827.0,3195.7568359375,0.0,135.71609497070312,0.0,0.0,0.0,1031.4813232421875,0.0,0.0,0.0,4047629568.0,2392231.5,3938182144.0,5136313.5,2571072000.0,867966.8125,121.69984436035156,1.2293509244918823,6.809010982513428,44.150333404541016,36.28407669067383,38.5526008605957,4047629568.0,2392230.25,3938182144.0,5136269.0,2571072000.0,867928.25,168296.546875,0.0,1248908.0,0.0,690135.8125,0.0,4188877.75,0.0,37254984.0,0.0,20013866.0,0.0,21997988.0,12996.5615234375,21403164.0,27911.29296875,13973217.0,4716.97314453125,0.0,0.0,0.0,0.0,0.0,0.0,21997988.0,12996.5615234375,21403164.0,27911.29296875,13973217.0,4716.97314453125,302.57611083984375,310.4764709472656,296.00537109375,293.30670166015625,296.6403503417969,293.5377502441406,6.640000343322754,0.08690320700407028,290.2381896972656,273.3554992675781,287.53814697265625,0.0,0.0,340.1585998535156,0.0,0.0,293.20660400390625,285.92498779296875,293.69952392578125,0.0,0.0,320.3664245605469,0.0,0.0,292.8779296875,284.6260986328125,293.0047302246094,0.0,0.0,321.8927001953125,0.0,0.0,292.43133544921875,282.8382263183594,292.1255798339844,0.0,0.0,323.82659912109375,0.0,0.0,0.0,0.0,0.0,0.0,0.0,0.0,0.0,0.0,0.0,0.0,0.0,0.0,0.0,0.0,0.0,0.0,0.0,0.0,0.0,0.0,0.0,0.0,0.0,0.0,0.0,0.0,0.0,0.0,0.0,0.0,0.0,0.0,0.0,0.0,0.0,0.0,0.0,0.0,0.0,0.0,184.0,184.0,184.0,0.0,0.0,0.0,0.0,0.0,184.0328826904297,184.0321044921875,184.00311279296875,0.0,0.0,0.0,0.0,0.0,710645.25,686113.3125,710582.0625,0.0,0.0,0.0,0.0,0.0,710735.0,702266.5,710620.0,0.0,0.0,0.0,0.0,0.0,20608708.0,20242126.0,20606868.0,0.0,0.0,0.0,0.0,0.0,20611314.0,20365728.0,20607980.0,0.0,0.0,0.0,0.0,0.0,3862.2802734375,3864.259033203125,3862.11474609375,0.0,0.0,0.0,0.0,0.0,5.0,5.0,5.0,0.0,0.0,2.0,0.0,0.0,0.0,0.0,0.0,0.0,0.0,0.0,0.0,0.0,3862.202392578125,3728.876708984375,3861.85888671875,0.0,0.0,0.0,0.0,0.0,3862.0,3816.0,3862.0,0.0,0.0,0.0,0.0,0.0,112003.84375,110011.5546875,111993.8515625,0.0,0.0,0.0,0.0,0.0,111998.0,110664.0,111998.0,0.0,0.0,0.0,0.0,0.0,1790.164794921875,393.9929504394531,860.7354125976562,0.0,0.0,295.7679443359375,0.0,0.0,0.0,0.0,0.0,0.0,0.0,0.0,0.0,0.0,6172.201171875,6098.67529296875,6171.8359375,0.0,0.0,0.0,0.0,0.0,2.017065889958758e-05,0.035034507513046265,6.623011722695082e-05,0.0,0.0,0.0,0.0,0.0,0.0,0.0,0.0,0.0,0.0,0.0,0.0,0.0,0.0,0.0,0.0,0.0,0.0,4827.0,0.0,0.0,0.0,0.0,0.0,0.0,0.0,4827.0,0.0,0.0,0.0,0.0,0.0,0.0,0.0,139983.0,0.0,0.0,0.0,0.0,0.0,0.0,0.0,139983.0,0.0,0.0,0.07790473848581314,135.3824005126953,0.25578832626342773,0.0,0.0,0.0,0.0,0.0,0.0,0.0,0.0,0.0,0.0,0.0,0.0,0.0,2.2885725498199463,1021.696044921875,7.496755599975586,0.0,0.0,0.0,0.0,0.0,0.0,0.0,0.0,0.0,0.0,0.0,0.0,0.0,0.1642710417509079
2000-04-01,306.1494140625,295.313232421875,295.9060974121094,306.1494140625,295.313232421875,295.9060974121094,10507425792.0,0.0,0.0,0.0,0.0,0.0,174.2683563232422,184.0,184.03912353515625,69253968.0,1838709.625,0.0,1887736.75,1838709.5,119312208.0,120104864.0,1838709.625,10551.0244140625,10403.9677734375,0.0,1.0,3.0,57105564.0,376380.25,9992.9873046875,9992.9873046875,10257.2578125,0.0,648435.9375,648435.9375,652635.0,0.0,292.43170166015625,5157.9453125,16572.33203125,1047683.3125,0.05288936197757721,0.014101321808993816,0.000303493783576414,345229760.0,5000.0,5000.0,294983.0,294983.0,14023.244140625,558.0369262695312,146.70970153808594,11122.3291015625,4548.0009765625,0.0,0.0,0.0,0.0,0.0,0.0,174.2683563232422,0.0,184.0,0.0,184.03912353515625,0.0,69253968.0,0.0,1838709.625,0.0,0.0,0.0,1887736.75,0.0,1838709.5,0.0,119312208.0,0.0,0.0,0.0,120104864.0,0.0,119312232.0,0.0,10551.0244140625,0.0,659558.25,0.0,0.0,0.0,0.0,376380.25,0.0,9992.9873046875,0.0,9992.9873046875,0.0,10257.2578125,0.0,0.0,0.0,648435.9375,0.0,648435.9375,0.0,652635.0,0.0,0.0,0.0,0.0,5157.9453125,16572.33203125,0.0,1047683.3125,0.0,0.05288936197757721,0.0,0.014101321808993816,0.0,0.000303493783576414,0.0,0.0,5000.0,0.0,5000.0,14023.244140625,0.0,558.0369262695312,0.0,146.70970153808594,0.0,11122.3291015625,0.0,4548.0009765625,0.0,4022310144.0,2821005.25,3918666240.0,5543367.5,2557178368.0,906340.625,97.51834106445312,4.911360740661621,40.458900451660156,26.88833236694336,160.69717407226562,27.899456024169922,4022310144.0,2821000.25,3918666240.0,5543340.5,2557178368.0,906312.75,183661.59375,0.0,940377.375,0.0,714670.5,0.0,9776766.0,0.0,67366864.0,0.0,42168600.0,0.0,21860382.0,15326.931640625,21297098.0,30123.525390625,13897708.0,4925.47119140625,0.0,0.0,0.0,0.0,0.0,0.0,21860382.0,15326.931640625,21297098.0,30123.525390625,13897708.0,4925.47119140625,296.87335205078125,306.77886962890625,289.4919128417969,287.8951721191406,289.9617919921875,288.19329833984375,8.890000343322754,0.0714285746216774,283.50244140625,271.1723327636719,279.9519958496094,0.0,0.0,338.0592346191406,0.0,0.0,286.5429382324219,283.31475830078125,286.2742919921875,0.0,0.0,317.5491943359375,0.0,0.0,286.2082214355469,282.3226013183594,285.5596618652344,0.0,0.0,319.1309509277344,0.0,0.0,285.7523193359375,280.9822692871094,284.6549987792969,0.0,0.0,321.1394348144531,0.0,0.0,0.0,0.0,0.0,0.0,0.0,0.0,0.0,0.0,0.0,0.0,0.0,0.0,0.0,0.0,0.0,0.0,0.0,0.0,0.0,0.0,0.0,0.0,0.0,0.0,0.0,0.0,0.0,0.0,0.0,0.0,0.0,0.0,0.0,0.0,0.0,0.0,0.0,0.0,0.0,0.0,184.0,184.0,184.0,0.0,0.0,0.0,0.0,0.0,184.0294952392578,184.04443359375,184.04576110839844,0.0,0.0,0.0,0.0,0.0,736033.5,366824.8125,735851.375,0.0,0.0,0.0,0.0,0.0,736118.0,415619.8125,735999.0,0.0,0.0,0.0,0.0,0.0,43425748.0,32468200.0,43418264.0,0.0,0.0,0.0,0.0,0.0,43430972.0,33249942.0,43423948.0,0.0,0.0,0.0,0.0,0.0,4000.26416015625,2551.301025390625,3999.458984375,0.0,0.0,0.0,0.0,0.0,5.0,5.0,5.0,0.0,0.0,2.0,0.0,0.0,0.0,0.0,0.0,0.0,0.0,0.0,0.0,0.0,4000.18212890625,1993.6131591796875,3999.192138671875,0.0,0.0,0.0,0.0,0.0,4000.0,2258.258056640625,3999.0,0.0,0.0,0.0,0.0,0.0,236009.5,176457.609375,235968.8125,0.0,0.0,0.0,0.0,0.0,235998.0,180670.0,235967.0,0.0,0.0,0.0,0.0,0.0,1808.3148193359375,202.58279418945312,870.3897094726562,0.0,0.0,295.73211669921875,0.0,0.0,0.0,0.0,0.0,0.0,0.0,0.0,0.0,0.0,6403.53369140625,3766.659423828125,6402.1396484375,0.0,0.0,0.0,0.0,0.0,2.0531704649329185e-05,0.21858960390090942,6.674340693280101e-05,0.0,0.0,0.0,0.0,0.0,0.0,0.06100277230143547,0.0,0.0,0.0,0.0,0.0,0.0,0.0,0.0,0.0,0.0,0.0,5000.0,0.0,0.0,0.0,0.0,0.0,0.0,0.0,5000.0,0.0,0.0,0.0,0.0,0.0,0.0,0.0,294983.0,0.0,0.0,0.0,0.0,0.0,0.0,0.0,294983.0,0.0,0.0,0.0821322426199913,557.6878662109375,0.2669375240802765,0.0,0.0,0.0,0.0,0.0,0.0,146.70970153808594,0.0,0.0,0.0,0.0,0.0,0.0,4.816138744354248,11101.7666015625,15.746535301208496,0.0,0.0,0.0,0.0,0.0,0.0,4548.0009765625,0.0,0.0,0.0,0.0,0.0,0.0,0.24914442002773285
2000-05-01,301.58709716796875,290.0901184082031,290.6790771484375,301.58709716796875,290.0901184082031,290.6790771484375,10456033280.0,0.0,0.0,0.0,0.0,0.0,171.6726837158203,184.0,184.03074645996094,66038276.0,1700763.0,0.0,1695579.625,1700763.0,170704768.0,170972256.0,1700763.0,9907.009765625,9922.533203125,0.0,1.0,3.0,56826256.0,358903.65625,9243.27734375,9243.27734375,9213.5673828125,0.0,927743.3125,927743.3125,929042.0,0.0,287.1349182128906,5159.21630859375,15503.4970703125,1512484.25,0.0669962614774704,0.07145016640424728,0.0003902558237314224,345362976.0,5000.0,5000.0,444983.0,444983.0,20068.666015625,663.732666015625,708.9666748046875,27915.921875,25817.001953125,0.0,0.0,0.0,0.0,0.0,0.0,171.6726837158203,0.0,184.0,0.0,184.03074645996094,0.0,66038276.0,0.0,1700763.0,0.0,0.0,0.0,1695579.625,0.0,1700763.0,0.0,170704768.0,0.0,0.0,0.0,170972256.0,0.0,170704800.0,0.0,9907.009765625,0.0,955659.25,0.0,0.0,0.0,0.0,358903.65625,0.0,9243.27734375,0.0,9243.27734375,0.0,9213.5673828125,0.0,0.0,0.0,927743.3125,0.0,927743.3125,0.0,929042.0,0.0,0.0,0.0,0.0,5159.21630859375,15503.4970703125,0.0,1512484.25,0.0,0.0669962614774704,0.0,0.07145016640424728,0.0,0.0003902558237314224,0.0,0.0,5000.0,0.0,5000.0,20068.666015625,0.0,663.732666015625,0.0,708.9666748046875,0.0,27915.921875,0.0,25817.001953125,0.0,3996783360.0,3155438.5,3903965184.0,6060179.0,2545135104.0,933693.4375,98.0916976928711,73.67327117919922,-35.03911590576172,15.079503059387207,-29.22296714782715,16.02130126953125,3996783360.0,3155364.75,3903965184.0,6060164.0,2545135104.0,933677.4375,183875.65625,0.0,802080.75,0.0,714806.625,0.0,15295312.0,0.0,91796712.0,0.0,63612768.0,0.0,21721650.0,17144.560546875,21217202.0,32932.11328125,13832254.0,5073.904296875,0.0,0.0,0.0,0.0,0.0,0.0,21721650.0,17144.560546875,21217202.0,32932.11328125,13832254.0,5073.904296875,291.529541015625,302.1524658203125,284.26806640625,283.36981201171875,284.6386413574219,283.7624206542969,10.950000762939453,0.07666666805744171,278.16888427734375,270.23760986328125,274.3197326660156,0.0,0.0,333.763427734375,0.0,0.0,281.1884765625,280.27154541015625,280.59271240234375,0.0,0.0,313.2468566894531,0.0,0.0,280.8552551269531,279.52947998046875,279.8824157714844,0.0,0.0,314.8286437988281,0.0,0.0,280.40032958984375,278.52001953125,278.98309326171875,0.0,0.0,316.84033203125,0.0,0.0,0.0,0.0,0.0,0.0,0.0,0.0,0.0,0.0,0.0,0.0,0.0,0.0,0.0,0.0,0.0,0.0,0.0,0.0,0.0,0.0,0.0,0.0,0.0,0.0,0.0,0.0,0.0,0.0,0.0,0.0,0.0,0.0,0.0,0.0,0.0,0.0,0.0,0.0,0.0,0.0,184.0,184.0,184.0,0.0,0.0,0.0,0.0,0.0,184.0294952392578,184.08755493164062,184.01475524902344,0.0,0.0,0.0,0.0,0.0,736033.375,228739.796875,735989.8125,0.0,0.0,0.0,0.0,0.0,736118.0,223402.59375,736059.0,0.0,0.0,0.0,0.0,0.0,65506748.0,39700064.0,65497960.0,0.0,0.0,0.0,0.0,0.0,65514512.0,39952020.0,65505720.0,0.0,0.0,0.0,0.0,0.0,4000.264892578125,1906.5318603515625,4000.21337890625,0.0,0.0,0.0,0.0,0.0,5.0,5.0,5.0,0.0,0.0,2.0,0.0,0.0,0.0,0.0,0.0,0.0,0.0,0.0,0.0,0.0,4000.181396484375,1243.151123046875,3999.94482421875,0.0,0.0,0.0,0.0,0.0,4000.0,1213.5670166015625,4000.0,0.0,0.0,0.0,0.0,0.0,356014.9375,215761.21875,355967.15625,0.0,0.0,0.0,0.0,0.0,355998.0,217077.015625,355967.0,0.0,0.0,0.0,0.0,0.0,1823.6090087890625,149.11915588378906,878.1657104492188,0.0,0.0,295.6747741699219,0.0,0.0,0.0,0.0,0.0,0.0,0.0,0.0,0.0,0.0,6413.09326171875,2677.498779296875,6412.90478515625,0.0,0.0,0.0,0.0,0.0,2.0838067939621396e-05,0.34795159101486206,6.712040340062231e-05,0.0,0.0,0.0,0.0,0.0,0.0,0.3687668442726135,0.0,0.0,0.0,0.0,0.0,0.0,0.0,0.0,0.0,0.0,0.0,5000.0,0.0,0.0,0.0,0.0,0.0,0.0,0.0,5000.0,0.0,0.0,0.0,0.0,0.0,0.0,0.0,444983.0,0.0,0.0,0.0,0.0,0.0,0.0,0.0,444983.0,0.0,0.0,0.0833577886223793,663.3807983398438,0.26849591732025146,0.0,0.0,0.0,0.0,0.0,0.0,708.9666748046875,0.0,0.0,0.0,0.0,0.0,0.0,7.301470756530762,27884.837890625,23.78274154663086,0.0,0.0,0.0,0.0,0.0,0.0,25817.001953125,0.0,0.0,0.0,0.0,0.0,0.0,0.3312799334526062
2000-06-01,297.0758361816406,285.0556640625,285.64239501953125,297.0758361816406,285.0556640625,285.64239501953125,10404681728.0,0.0,0.0,0.0,0.0,0.0,170.43177795410156,184.0,184.0438690185547,64113528.0,1649674.0,0.0,1638625.75,1649674.0,222055952.0,221769648.0,1649674.0,9679.380859375,9712.61328125,0.0,1.0,3.0,56547172.0,348443.09375,8965.619140625,8965.619140625,8903.451171875,0.0,1206825.875,1206825.875,1205049.0,0.0,282.01104736328125,5160.396484375,15130.46484375,1981233.375,0.07374037057161331,0.08331036567687988,0.00043266796274110675,345497632.0,5000.0,5000.0,599983.0,599983.0,23350.666015625,713.7611083984375,809.1613159179688,48259.0,50901.0,0.0,0.0,0.0,0.0,0.0,0.0,170.43177795410156,0.0,184.0,0.0,184.0438690185547,0.0,64113528.0,0.0,1649674.0,0.0,0.0,0.0,1638625.75,0.0,1649674.0,0.0,222055952.0,0.0,0.0,0.0,221769648.0,0.0,222055968.0,0.0,9679.380859375,0.0,1255084.875,0.0,0.0,0.0,0.0,348443.09375,0.0,8965.619140625,0.0,8965.619140625,0.0,8903.451171875,0.0,0.0,0.0,1206825.875,0.0,1206825.875,0.0,1205049.0,0.0,0.0,0.0,0.0,5160.396484375,15130.46484375,0.0,1981233.375,0.0,0.07374037057161331,0.0,0.08331036567687988,0.0,0.00043266796274110675,0.0,0.0,5000.0,0.0,5000.0,23350.666015625,0.0,713.7611083984375,0.0,809.1613159179688,0.0,48259.0,0.0,50901.0,0.0,3970521856.0,3440756.0,3890130176.0,6607594.5,2533026048.0,955263.9375,361.19403076171875,154.84646606445312,-36.057498931884766,9.680012702941895,-23.040172576904297,7.89597225189209,3970521344.0,3440601.25,3890130432.0,6607584.5,2533026304.0,955256.0625,183741.78125,0.0,751086.0625,0.0,714846.0625,0.0,20988058.0,0.0,115294960.0,0.0,85772960.0,0.0,21578924.0,18695.251953125,21142012.0,35906.79296875,13766444.0,5190.69482421875,0.0,0.0,0.0,0.0,0.0,0.0,21578924.0,18695.251953125,21142012.0,35906.79296875,13766444.0,5190.69482421875,286.3472595214844,297.4552917480469,279.2035217285156,278.6086120605469,279.5305480957031,279.05364990234375,12.970000267028809,0.07428571581840515,273.07305908203125,266.89453125,269.1083679199219,0.0,0.0,329.25482177734375,0.0,0.0,276.0709533691406,276.0528564453125,275.3334045410156,0.0,0.0,308.7334289550781,0.0,0.0,275.7396240234375,275.4009704589844,274.6279296875,0.0,0.0,310.3149719238281,0.0,0.0,275.2867126464844,274.5107421875,273.7345275878906,0.0,0.0,312.32830810546875,0.0,0.0,0.0,0.0,0.0,0.0,0.0,0.0,0.0,0.0,0.0,0.0,0.0,0.0,0.0,0.0,0.0,0.0,0.0,0.0,0.0,0.0,0.0,0.0,0.0,0.0,0.0,0.0,0.0,0.0,0.0,0.0,0.0,0.0,0.0,0.0,0.0,0.0,0.0,0.0,0.0,0.0,184.0,184.0,184.0,0.0,0.0,0.0,0.0,0.0,184.0294952392578,184.1224365234375,184.04049682617188,0.0,0.0,0.0,0.0,0.0,736033.625,177612.328125,736028.0,0.0,0.0,0.0,0.0,0.0,736118.0,166345.703125,736162.0,0.0,0.0,0.0,0.0,0.0,88323784.0,45417348.0,88314816.0,0.0,0.0,0.0,0.0,0.0,88334168.0,45108736.0,88326744.0,0.0,0.0,0.0,0.0,0.0,4000.267333984375,1678.69091796875,4000.422119140625,0.0,0.0,0.0,0.0,0.0,5.0,5.0,5.0,0.0,0.0,2.0,0.0,0.0,0.0,0.0,0.0,0.0,0.0,0.0,0.0,0.0,4000.182861328125,965.2843627929688,4000.152099609375,0.0,0.0,0.0,0.0,0.0,4000.0,903.4515991210938,4000.0,0.0,0.0,0.0,0.0,0.0,480020.59375,246833.421875,479971.84375,0.0,0.0,0.0,0.0,0.0,479998.0,245084.015625,479967.0,0.0,0.0,0.0,0.0,0.0,1838.583740234375,125.67700958251953,885.4817504882812,0.0,0.0,295.6146240234375,0.0,0.0,0.0,0.0,0.0,0.0,0.0,0.0,0.0,0.0,6422.16015625,2286.0029296875,6422.30224609375,0.0,0.0,0.0,0.0,0.0,2.1128918888280168e-05,0.4249778687953949,6.751088221790269e-05,0.0,0.0,0.0,0.0,0.0,0.0,0.47247180342674255,0.0,0.0,0.0,0.0,0.0,0.0,0.0,0.0,0.0,0.0,0.0,5000.0,0.0,0.0,0.0,0.0,0.0,0.0,0.0,5000.0,0.0,0.0,0.0,0.0,0.0,0.0,0.0,599983.0,0.0,0.0,0.0,0.0,0.0,0.0,0.0,599983.0,0.0,0.0,0.0845213308930397,713.406494140625,0.2700720429420471,0.0,0.0,0.0,0.0,0.0,0.0,809.1613159179688,0.0,0.0,0.0,0.0,0.0,0.0,9.906339645385742,48216.9609375,32.13368225097656,0.0,0.0,0.0,0.0,0.0,0.0,50901.0,0.0,0.0,0.0,0.0,0.0,0.0,0.41615331172943115
2000-07-01,294.72320556640625,283.8650207519531,284.4191589355469,294.72320556640625,283.8650207519531,284.4191589355469,10359074816.0,0.0,0.0,0.0,0.0,0.0,167.5790557861328,184.0,184.03436279296875,62941240.0,1512704.25,0.0,1509394.625,1512704.25,267663088.0,267051488.0,1512704.25,9026.8095703125,9036.7001953125,0.0,2.0,3.0,56299308.0,342071.9375,8221.21875,8221.21875,8201.7001953125,0.0,1454690.75,1454690.75,1451100.0,0.0,280.37237548828125,10149.373046875,14038.07421875,2402278.25,0.0892442911863327,0.09240099042654037,0.0005325504462234676,345770368.0,9833.0,9833.0,894973.0,894973.0,28135.697265625,805.5912475585938,835.0,70515.7578125,75951.0,0.0,0.0,0.0,0.0,0.0,0.0,167.5790557861328,0.0,184.0,0.0,184.03436279296875,0.0,62941240.0,0.0,1512704.25,0.0,0.0,0.0,1509394.625,0.0,1512704.25,0.0,267663088.0,0.0,0.0,0.0,267051488.0,0.0,267663120.0,0.0,9026.8095703125,0.0,1525206.5,0.0,0.0,0.0,0.0,342071.9375,0.0,8221.21875,0.0,8221.21875,0.0,8201.7001953125,0.0,0.0,0.0,1454690.75,0.0,1454690.75,0.0,1451100.0,0.0,0.0,0.0,0.0,10149.373046875,14038.07421875,0.0,2402278.25,0.0,0.0892442911863327,0.0,0.09240099042654037,0.0,0.0005325504462234676,0.0,0.0,9833.0,0.0,9833.0,28135.697265625,0.0,805.5912475585938,0.0,835.0,0.0,70515.7578125,0.0,75951.0,0.0,3948465152.0,3662003.0,3873512192.0,7189515.5,2525271552.0,974041.75,483.7458190917969,147.63235473632812,-30.06680679321289,27.078834533691406,-14.23124885559082,14.739599227905273,3948464640.0,3661855.5,3873512192.0,7189488.5,2525271552.0,974027.0,151354.03125,0.0,740673.375,0.0,620676.8125,0.0,25691458.0,0.0,137578384.0,0.0,104393264.0,0.0,21459050.0,19897.673828125,21051696.0,39069.41796875,13724299.0,5292.76904296875,0.0,0.0,0.0,0.0,0.0,0.0,21459050.0,19897.673828125,21051696.0,39069.41796875,13724299.0,5292.76904296875,283.70074462890625,294.5729064941406,278.252685546875,277.2218933105469,278.4183654785156,277.7267761230469,15.940000534057617,0.07287361472845078,272.4378662109375,267.0233459472656,268.34600830078125,0.0,0.0,326.4880676269531,317.8750305175781,0.0,275.5126037597656,275.66827392578125,273.7357177734375,0.0,0.0,305.9668273925781,289.970458984375,0.0,275.1530456542969,275.0513000488281,273.12103271484375,0.0,0.0,307.54779052734375,292.4105224609375,0.0,274.6512451171875,274.2080078125,272.34161376953125,0.0,0.0,309.5594177246094,295.7416687011719,0.0,0.0,0.0,0.0,0.0,0.0,0.0,0.0,0.0,0.0,0.0,0.0,0.0,0.0,0.0,0.0,0.0,0.0,0.0,0.0,0.0,0.0,0.0,0.0,0.0,0.0,0.0,0.0,0.0,0.0,0.0,0.0,0.0,0.0,0.0,0.0,0.0,0.0,0.0,0.0,0.0,184.0,184.0,184.0,0.0,0.0,0.0,0.0,0.0,184.0294952392578,184.1410675048828,184.01756286621094,0.0,0.0,0.0,0.0,0.0,736033.5625,137643.890625,639026.75,0.0,0.0,0.0,0.0,0.0,736118.0,134183.59375,639093.0,0.0,0.0,0.0,0.0,0.0,110404792.0,49772676.0,107485624.0,0.0,0.0,0.0,0.0,0.0,110417712.0,49134244.0,107499528.0,0.0,0.0,0.0,0.0,0.0,4000.267822265625,1553.3355712890625,3473.206787109375,0.0,0.0,0.0,0.0,0.0,5.0,5.0,5.0,0.0,0.0,2.0,2.0,0.0,0.0,0.0,0.0,0.0,0.0,0.0,0.0,0.0,4000.1826171875,748.0646362304688,3472.971435546875,0.0,0.0,0.0,0.0,0.0,4000.0,728.7000122070312,3473.0,0.0,0.0,0.0,0.0,0.0,600026.0625,270503.65625,584161.0,0.0,0.0,0.0,0.0,0.0,599998.0,266945.0,584157.0,0.0,0.0,0.0,0.0,0.0,1840.416015625,103.02642059326172,887.40576171875,0.0,0.0,295.57769775390625,219.28488159179688,0.0,0.0,0.0,0.0,0.0,0.0,0.0,0.0,0.0,6425.97998046875,2032.8709716796875,5579.22314453125,0.0,0.0,0.0,0.0,0.0,2.1298250430845656e-05,0.5184140205383301,6.770547770429403e-05,0.0,0.0,0.0,0.0,0.0,0.0,0.5339899063110352,0.0,0.0,0.0,0.0,0.0,0.0,0.0,0.0,0.0,0.0,0.0,5000.0,4833.0,0.0,0.0,0.0,0.0,0.0,0.0,5000.0,4833.0,0.0,0.0,0.0,0.0,0.0,0.0,749983.0,144990.0,0.0,0.0,0.0,0.0,0.0,0.0,749983.0,144990.0,0.0,0.08519870787858963,805.2709350585938,0.2351551204919815,0.0,0.0,0.0,0.0,0.0,0.0,835.0,0.0,0.0,0.0,0.0,0.0,0.0,12.453742980957031,70464.1328125,39.17741394042969,0.0,0.0,0.0,0.0,0.0,0.0,75951.0,0.0,0.0,0.0,0.0,0.0,0.0,0.4982888400554657
2000-08-01,293.3135681152344,282.5715637207031,283.123779296875,293.3135681152344,282.5715637207031,283.123779296875,10315429888.0,0.0,0.0,0.0,0.0,0.0,164.57070922851562,184.0,184.04969787597656,62204356.0,1402964.25,0.0,1398302.75,1402964.25,311307424.0,310398880.0,1402964.25,8524.994140625,8538.935546875,0.0,2.0,3.0,56062108.0,338067.15625,7624.8056640625,7624.8056640625,7597.41943359375,0.0,1691888.125,1691888.125,1686620.0,0.0,278.9932556152344,10322.388671875,13182.611328125,2810867.5,0.1055939570069313,0.11026152968406677,0.0006416327087208629,346053760.0,10000.0,10000.0,1204973.0,1204973.0,30775.708984375,900.1878051757812,941.51611328125,97132.1875,105138.0,0.0,0.0,0.0,0.0,0.0,0.0,164.57070922851562,0.0,184.0,0.0,184.04969787597656,0.0,62204356.0,0.0,1402964.25,0.0,0.0,0.0,1398302.75,0.0,1402964.25,0.0,311307424.0,0.0,0.0,0.0,310398880.0,0.0,311307456.0,0.0,8524.994140625,0.0,1789020.375,0.0,0.0,0.0,0.0,338067.15625,0.0,7624.8056640625,0.0,7624.8056640625,0.0,7597.41943359375,0.0,0.0,0.0,1691888.125,0.0,1691888.125,0.0,1686620.0,0.0,0.0,0.0,0.0,10322.388671875,13182.611328125,0.0,2810867.5,0.0,0.1055939570069313,0.0,0.11026152968406677,0.0,0.0006416327087208629,0.0,0.0,10000.0,0.0,10000.0,30775.708984375,0.0,900.1878051757812,0.0,941.51611328125,0.0,97132.1875,0.0,105138.0,0.0,3927814144.0,3845964.5,3857306368.0,7767291.0,2517705728.0,990936.4375,671.6338500976562,145.13511657714844,-12.350330352783203,30.62614631652832,-6.9474687576293945,15.549777030944824,3927813632.0,3845819.25,3857306368.0,7767260.5,2517705728.0,990920.9375,147003.078125,0.0,728491.625,0.0,527469.5625,0.0,30282868.0,0.0,160279760.0,0.0,120744816.0,0.0,21346816.0,20897.47265625,20963620.0,42209.484375,13683180.0,5384.58056640625,0.0,0.0,0.0,0.0,0.0,0.0,21346816.0,20897.47265625,20963620.0,42209.484375,13683180.0,5384.58056640625,281.97918701171875,292.85516357421875,277.0741882324219,276.03033447265625,277.2716369628906,276.5181884765625,17.75,0.07428571581840515,271.0626220703125,265.7331237792969,268.56048583984375,0.0,0.0,324.7868957519531,313.5944519042969,0.0,274.134765625,274.54461669921875,273.1297607421875,0.0,0.0,304.2657775878906,289.0315246582031,0.0,273.77447509765625,273.9217529296875,272.6069030761719,0.0,0.0,305.8463134765625,291.18133544921875,0.0,273.2715759277344,273.0729675292969,271.9434509277344,0.0,0.0,307.8569641113281,294.1162109375,0.0,0.0,0.0,0.0,0.0,0.0,0.0,0.0,0.0,0.0,0.0,0.0,0.0,0.0,0.0,0.0,0.0,0.0,0.0,0.0,0.0,0.0,0.0,0.0,0.0,0.0,0.0,0.0,0.0,0.0,0.0,0.0,0.0,0.0,0.0,0.0,0.0,0.0,0.0,0.0,0.0,184.0,184.0,184.0,0.0,0.0,0.0,0.0,0.0,184.0294952392578,184.13865661621094,184.05760192871094,0.0,0.0,0.0,0.0,0.0,736033.5625,123901.75,543029.0,0.0,0.0,0.0,0.0,0.0,736118.0,119030.796875,543154.0,0.0,0.0,0.0,0.0,0.0,133221840.0,53766072.0,124319512.0,0.0,0.0,0.0,0.0,0.0,133237368.0,52824200.0,124337304.0,0.0,0.0,0.0,0.0,0.0,4000.26806640625,1573.2806396484375,2951.445068359375,0.0,0.0,0.0,0.0,0.0,5.0,5.0,5.0,0.0,0.0,2.0,2.0,0.0,0.0,0.0,0.0,0.0,0.0,0.0,0.0,0.0,4000.182373046875,673.3790893554688,2951.244384765625,0.0,0.0,0.0,0.0,0.0,4000.0,646.4193725585938,2951.0,0.0,0.0,0.0,0.0,0.0,724031.75,292206.90625,675649.5,0.0,0.0,0.0,0.0,0.0,723998.0,286984.0,675638.0,0.0,0.0,0.0,0.0,0.0,1844.4359130859375,90.76837921142578,887.9231567382812,0.0,0.0,295.5550231933594,257.7345886230469,0.0,0.0,0.0,0.0,0.0,0.0,0.0,0.0,0.0,6428.5595703125,2011.0634765625,4742.98828125,0.0,0.0,0.0,0.0,0.0,2.1448293409775943e-05,0.5719904899597168,6.793668580939993e-05,0.0,0.0,0.0,0.0,0.0,0.0,0.592918336391449,0.0,0.0,0.0,0.0,0.0,0.0,0.0,0.0,0.0,0.0,0.0,5000.0,5000.0,0.0,0.0,0.0,0.0,0.0,0.0,5000.0,5000.0,0.0,0.0,0.0,0.0,0.0,0.0,904983.0,299990.0,0.0,0.0,0.0,0.0,0.0,0.0,904983.0,299990.0,0.0,0.08579892665147781,899.9014892578125,0.2005113959312439,0.0,0.0,0.0,0.0,0.0,0.0,941.51611328125,0.0,0.0,0.0,0.0,0.0,0.0,15.1056489944458,97071.703125,45.38105773925781,0.0,0.0,0.0,0.0,0.0,0.0,105138.0,0.0,0.0,0.0,0.0,0.0,0.0,0.5831621885299683
2000-09-01,292.3255920410156,281.4503479003906,282.0021057128906,292.3255920410156,281.4503479003906,282.0021057128906,10274003968.0,0.0,0.0,0.0,0.0,0.0,162.41119384765625,184.0,184.0510711669922,61660080.0,1332519.25,0.0,1325874.25,1332519.25,352733856.0,351500960.0,1332519.25,8204.6025390625,8224.548828125,0.0,2.0,3.0,55836964.0,335109.125,7241.95263671875,7241.95263671875,7203.8388671875,0.0,1917031.75,1917031.75,1909939.0,0.0,277.85870361328125,10322.9306640625,12635.8193359375,3202522.25,0.11733047664165497,0.1241052895784378,0.0007224285509437323,346334912.0,10000.0,10000.0,1514973.0,1514973.0,32964.88671875,962.6499633789062,1020.7100219726562,125973.125,136780.015625,0.0,0.0,0.0,0.0,0.0,0.0,162.41119384765625,0.0,184.0,0.0,184.0510711669922,0.0,61660080.0,0.0,1332519.25,0.0,0.0,0.0,1325874.25,0.0,1332519.25,0.0,352733856.0,0.0,0.0,0.0,351500960.0,0.0,352733856.0,0.0,8204.6025390625,0.0,2043004.875,0.0,0.0,0.0,0.0,335109.125,0.0,7241.95263671875,0.0,7241.95263671875,0.0,7203.8388671875,0.0,0.0,0.0,1917031.75,0.0,1917031.75,0.0,1909939.0,0.0,0.0,0.0,0.0,10322.9306640625,12635.8193359375,0.0,3202522.25,0.0,0.11733047664165497,0.0,0.1241052895784378,0.0,0.0007224285509437323,0.0,0.0,10000.0,0.0,10000.0,32964.88671875,0.0,962.6499633789062,0.0,1020.7100219726562,0.0,125973.125,0.0,136780.015625,0.0,3908204800.0,4000847.0,3842556928.0,8290315.5,2509946368.0,1004709.75,703.1573486328125,228.01673889160156,41.3471794128418,40.51797866821289,20.5917911529541,19.094900131225586,3908204032.0,4000619.0,3842556672.0,8290275.0,2509946368.0,1004690.625,145315.890625,0.0,716726.625,0.0,470476.78125,0.0,34800700.0,0.0,182603568.0,0.0,135329600.0,0.0,21240244.0,21739.224609375,20883460.0,45052.0078125,13641010.0,5459.44189453125,0.0,0.0,0.0,0.0,0.0,0.0,21240244.0,21739.224609375,20883460.0,45052.0078125,13641010.0,5459.44189453125,280.67169189453125,291.6377868652344,276.03729248046875,274.9738464355469,276.26239013671875,275.4389953613281,19.850000381469727,0.0714285746216774,269.89599609375,264.7206115722656,268.43505859375,0.0,0.0,323.5853271484375,310.535888671875,0.0,272.962646484375,273.5028076171875,272.50347900390625,0.0,0.0,303.0640563964844,287.87353515625,0.0,272.6029052734375,272.8830261230469,272.03692626953125,0.0,0.0,304.644287109375,289.8591613769531,0.0,272.10107421875,272.0402526855469,271.4446105957031,0.0,0.0,306.65447998046875,292.56707763671875,0.0,0.0,0.0,0.0,0.0,0.0,0.0,0.0,0.0,0.0,0.0,0.0,0.0,0.0,0.0,0.0,0.0,0.0,0.0,0.0,0.0,0.0,0.0,0.0,0.0,0.0,0.0,0.0,0.0,0.0,0.0,0.0,0.0,0.0,0.0,0.0,0.0,0.0,0.0,0.0,0.0,184.0,184.0,184.0,0.0,0.0,0.0,0.0,0.0,184.0294952392578,184.1449432373047,184.06344604492188,0.0,0.0,0.0,0.0,0.0,736033.5,112149.1953125,484336.59375,0.0,0.0,0.0,0.0,0.0,736118.0,105301.203125,484455.0,0.0,0.0,0.0,0.0,0.0,156038880.0,57361036.0,139333936.0,0.0,0.0,0.0,0.0,0.0,156057024.0,56088536.0,139355408.0,0.0,0.0,0.0,0.0,0.0,4000.268310546875,1571.8902587890625,2632.444091796875,0.0,0.0,0.0,0.0,0.0,5.0,5.0,5.0,0.0,0.0,2.0,2.0,0.0,0.0,0.0,0.0,0.0,0.0,0.0,0.0,0.0,4000.18212890625,609.5064697265625,2632.26416015625,0.0,0.0,0.0,0.0,0.0,4000.0,571.8386840820312,2632.0,0.0,0.0,0.0,0.0,0.0,848037.375,311744.78125,757249.6875,0.0,0.0,0.0,0.0,0.0,847998.0,304711.0,757230.0,0.0,0.0,0.0,0.0,0.0,1847.841064453125,82.36568450927734,888.5538940429688,0.0,0.0,295.5389709472656,279.35284423828125,0.0,0.0,0.0,0.0,0.0,0.0,0.0,0.0,0.0,6430.7373046875,1973.2979736328125,4231.7841796875,0.0,0.0,0.0,0.0,0.0,2.158396819140762e-05,0.6122461557388306,6.832044891780242e-05,0.0,0.0,0.0,0.0,0.0,0.0,0.6409286260604858,0.0,0.0,0.0,0.0,0.0,0.0,0.0,0.0,0.0,0.0,0.0,5000.0,5000.0,0.0,0.0,0.0,0.0,0.0,0.0,5000.0,5000.0,0.0,0.0,0.0,0.0,0.0,0.0,1059983.0,454990.0,0.0,0.0,0.0,0.0,0.0,0.0,1059983.0,454990.0,0.0,0.08634166419506073,962.3837890625,0.1798497587442398,0.0,0.0,0.0,0.0,0.0,0.0,1020.7100219726562,0.0,0.0,0.0,0.0,0.0,0.0,17.775104522705078,125904.4140625,50.94046401977539,0.0,0.0,0.0,0.0,0.0,0.0,136780.015625,0.0,0.0,0.0,0.0,0.0,0.0,0.6680355668067932
2000-10-01,291.6438293457031,280.5310974121094,281.0822448730469,291.6438293457031,280.5310974121094,281.0822448730469,10235515904.0,0.0,0.0,0.0,0.0,0.0,160.81214904785156,184.0,184.041748046875,61245468.0,1279955.75,0.0,1270949.375,1279955.625,391222176.0,389629472.0,1279955.75,7959.322265625,7986.49951171875,0.0,2.0,3.0,55627792.0,332855.8125,6956.28125,6956.28125,6905.7666015625,0.0,2126207.5,2126207.5,2117112.0,0.0,276.946533203125,10323.3740234375,12221.41015625,3569122.0,0.12602096796035767,0.13531999289989471,0.0007836532895453274,346605568.0,10000.0,10000.0,1814973.0,1814973.0,34868.484375,1003.04150390625,1080.7330322265625,155305.734375,169202.0,0.0,0.0,0.0,0.0,0.0,0.0,160.81214904785156,0.0,184.0,0.0,184.041748046875,0.0,61245468.0,0.0,1279955.75,0.0,0.0,0.0,1270949.375,0.0,1279955.625,0.0,391222176.0,0.0,0.0,0.0,389629472.0,0.0,391222208.0,0.0,7959.322265625,0.0,2281513.25,0.0,0.0,0.0,0.0,332855.8125,0.0,6956.28125,0.0,6956.28125,0.0,6905.7666015625,0.0,0.0,0.0,2126207.5,0.0,2126207.5,0.0,2117112.0,0.0,0.0,0.0,0.0,10323.3740234375,12221.41015625,0.0,3569122.0,0.0,0.12602096796035767,0.0,0.13531999289989471,0.0,0.0007836532895453274,0.0,0.0,10000.0,0.0,10000.0,34868.484375,0.0,1003.04150390625,0.0,1080.7330322265625,0.0,155305.734375,0.0,169202.0,0.0,3889888768.0,4128926.75,3830148096.0,8752016.0,2501582080.0,1015950.4375,888.1175537109375,280.1023254394531,75.82273864746094,40.994564056396484,34.56732940673828,18.02597427368164,3889887744.0,4128646.75,3830148096.0,8751975.0,2501582080.0,1015932.4375,144604.796875,0.0,706188.0625,0.0,429162.8125,0.0,39141920.0,0.0,203875776.0,0.0,148204496.0,0.0,21140700.0,22435.3046875,20816022.0,47561.23046875,13595552.0,5520.537109375,0.0,0.0,0.0,0.0,0.0,0.0,21140700.0,22435.3046875,20816022.0,47561.23046875,13595552.0,5520.537109375,279.6593322753906,290.7729187011719,275.18212890625,274.1094970703125,275.42401123046875,274.5565490722656,21.580001831054688,0.046666670590639114,268.9505310058594,264.0199890136719,268.23760986328125,0.0,0.0,322.7350158691406,308.4800109863281,0.0,272.01220703125,272.6628112792969,271.94415283203125,0.0,0.0,302.21368408203125,286.92791748046875,0.0,271.6531677246094,272.0518798828125,271.51824951171875,0.0,0.0,303.79364013671875,288.817626953125,0.0,271.1524353027344,271.22174072265625,270.97735595703125,0.0,0.0,305.8034973144531,291.39251708984375,0.0,0.0,0.0,0.0,0.0,0.0,0.0,0.0,0.0,0.0,0.0,0.0,0.0,0.0,0.0,0.0,0.0,0.0,0.0,0.0,0.0,0.0,0.0,0.0,0.0,0.0,0.0,0.0,0.0,0.0,0.0,0.0,0.0,0.0,0.0,0.0,0.0,0.0,0.0,0.0,0.0,184.0,184.0,184.0,0.0,0.0,0.0,0.0,0.0,184.0294952392578,184.178955078125,184.0333251953125,0.0,0.0,0.0,0.0,0.0,736033.4375,102128.140625,441794.09375,0.0,0.0,0.0,0.0,0.0,736118.0,92967.3984375,441864.0,0.0,0.0,0.0,0.0,0.0,178119872.0,60514536.0,152587760.0,0.0,0.0,0.0,0.0,0.0,178140560.0,58877560.0,152611328.0,0.0,0.0,0.0,0.0,0.0,4000.268798828125,1557.83349609375,2401.22021484375,0.0,0.0,0.0,0.0,0.0,5.0,5.0,5.0,0.0,0.0,2.0,2.0,0.0,0.0,0.0,0.0,0.0,0.0,0.0,0.0,0.0,4000.181884765625,555.0442504882812,2401.054931640625,0.0,0.0,0.0,0.0,0.0,4000.0,504.7666931152344,2401.0,0.0,0.0,0.0,0.0,0.0,968042.8125,328883.34375,829281.3125,0.0,0.0,0.0,0.0,0.0,967998.0,319854.0,829260.0,0.0,0.0,0.0,0.0,0.0,1850.5955810546875,76.2059555053711,889.1097412109375,0.0,0.0,295.52764892578125,293.7402648925781,0.0,0.0,0.0,0.0,0.0,0.0,0.0,0.0,0.0,6432.51611328125,1927.74658203125,3861.1474609375,0.0,0.0,0.0,0.0,0.0,2.1704845494241454e-05,0.6437076330184937,6.886695337016135e-05,0.0,0.0,0.0,0.0,0.0,0.0,0.6816355586051941,0.0,0.0,0.0,0.0,0.0,0.0,0.0,0.0,0.0,0.0,0.0,5000.0,5000.0,0.0,0.0,0.0,0.0,0.0,0.0,5000.0,5000.0,0.0,0.0,0.0,0.0,0.0,0.0,1209983.0,604990.0,0.0,0.0,0.0,0.0,0.0,0.0,1209983.0,604990.0,0.0,0.08682520687580109,1002.789306640625,0.16536472737789154,0.0,0.0,0.0,0.0,0.0,0.0,1080.7330322265625,0.0,0.0,0.0,0.0,0.0,0.0,20.373716354370117,155229.46875,55.882450103759766,0.0,0.0,0.0,0.0,0.0,0.0,169202.0,0.0,0.0,0.0,0.0,0.0,0.0,0.7501711249351501
2000-11-01,291.1390075683594,279.7339782714844,280.283935546875,291.1390075683594,279.7339782714844,280.283935546875,10197052416.0,0.0,0.0,0.0,0.0,0.0,159.48423767089844,184.0,184.04452514648438,60896512.0,1238174.5,0.0,1227013.0,1238174.5,429685056.0,427666848.0,1238174.5,7763.61669921875,7797.322265625,0.0,2.0,3.0,55418752.0,330959.3125,6729.208984375,6729.208984375,6666.935546875,0.0,2335245.0,2335245.0,2323787.0,0.0,276.1609802246094,10323.740234375,11891.171875,3937712.5,0.1332378387451172,0.14497117698192596,0.0008354295277968049,346884192.0,10000.0,10000.0,2124973.0,2124973.0,36652.49609375,1034.407470703125,1130.386962890625,186699.796875,204244.0,0.0,0.0,0.0,0.0,0.0,0.0,159.48423767089844,0.0,184.0,0.0,184.04452514648438,0.0,60896512.0,0.0,1238174.5,0.0,0.0,0.0,1227013.0,0.0,1238174.5,0.0,429685056.0,0.0,0.0,0.0,427666848.0,0.0,429685088.0,0.0,7763.61669921875,0.0,2521944.75,0.0,0.0,0.0,0.0,330959.3125,0.0,6729.208984375,0.0,6729.208984375,0.0,6666.935546875,0.0,0.0,0.0,2335245.0,0.0,2335245.0,0.0,2323787.0,0.0,0.0,0.0,0.0,10323.740234375,11891.171875,0.0,3937712.5,0.0,0.1332378387451172,0.0,0.14497117698192596,0.0,0.0008354295277968049,0.0,0.0,10000.0,0.0,10000.0,36652.49609375,0.0,1034.407470703125,0.0,1130.386962890625,0.0,186699.796875,0.0,204244.0,0.0,3871484160.0,4242910.0,3818764544.0,9189146.0,2492346112.0,1026116.6875,1451.543212890625,308.6280212402344,86.56562805175781,49.18949508666992,32.27822494506836,23.131956100463867,3871482624.0,4242601.0,3818764288.0,9189097.0,2492346112.0,1026093.5625,144475.09375,0.0,696702.75,0.0,396996.65625,0.0,43617228.0,0.0,225556432.0,0.0,160511424.0,0.0,21040674.0,23054.765625,20754154.0,49936.8828125,13545357.0,5575.7548828125,0.0,0.0,0.0,0.0,0.0,0.0,21040674.0,23054.765625,20754154.0,49936.8828125,13545357.0,5575.7548828125,278.81353759765625,290.1120910644531,274.4311828613281,273.3554382324219,274.6846008300781,273.7884826660156,23.450000762939453,0.06285714358091354,268.1350402832031,263.4573974609375,267.9942321777344,0.0,0.0,322.0888671875,306.8250427246094,0.0,271.1922912597656,271.9309387207031,271.4199523925781,0.0,0.0,301.5674133300781,286.0661926269531,0.0,270.8338928222656,271.3302307128906,271.0255432128906,0.0,0.0,303.1471252441406,287.8873596191406,0.0,270.3341979980469,270.5140380859375,270.5245056152344,0.0,0.0,305.1568603515625,290.3668518066406,0.0,0.0,0.0,0.0,0.0,0.0,0.0,0.0,0.0,0.0,0.0,0.0,0.0,0.0,0.0,0.0,0.0,0.0,0.0,0.0,0.0,0.0,0.0,0.0,0.0,0.0,0.0,0.0,0.0,0.0,0.0,0.0,0.0,0.0,0.0,0.0,0.0,0.0,0.0,0.0,0.0,184.0,184.0,184.0,0.0,0.0,0.0,0.0,0.0,184.02932739257812,184.23220825195312,184.0342254638672,0.0,0.0,0.0,0.0,0.0,736033.125,93467.46875,408673.875,0.0,0.0,0.0,0.0,0.0,736117.3125,82155.6796875,408740.0,0.0,0.0,0.0,0.0,0.0,200936912.0,63491492.0,165256656.0,0.0,0.0,0.0,0.0,0.0,200960208.0,61424384.0,165282272.0,0.0,0.0,0.0,0.0,0.0,4000.267333984375,1542.140869140625,2221.20849609375,0.0,0.0,0.0,0.0,0.0,5.0,5.0,5.0,0.0,0.0,2.0,2.0,0.0,0.0,0.0,0.0,0.0,0.0,0.0,0.0,0.0,4000.18017578125,507.9753723144531,2221.0537109375,0.0,0.0,0.0,0.0,0.0,4000.0,445.93548583984375,2221.0,0.0,0.0,0.0,0.0,0.0,1092048.375,345062.46875,898134.0,0.0,0.0,0.0,0.0,0.0,1091998.0,333678.0,898111.0,0.0,0.0,0.0,0.0,0.0,1852.9659423828125,71.14788818359375,889.6016235351562,0.0,0.0,295.5190124511719,304.955078125,0.0,0.0,0.0,0.0,0.0,0.0,0.0,0.0,0.0,6433.9892578125,1884.6744384765625,3572.5078125,0.0,0.0,0.0,0.0,0.0,2.1820613255840726e-05,0.6706038117408752,6.964756175875664e-05,0.0,0.0,0.0,0.0,0.0,0.0,0.7171038389205933,0.0,0.0,0.0,0.0,0.0,0.0,0.0,0.0,0.0,0.0,0.0,5000.0,5000.0,0.0,0.0,0.0,0.0,0.0,0.0,5000.0,5000.0,0.0,0.0,0.0,0.0,0.0,0.0,1364983.0,759990.0,0.0,0.0,0.0,0.0,0.0,0.0,1364983.0,759990.0,0.0,0.08728829026222229,1034.16552734375,0.15470175445079803,0.0,0.0,0.0,0.0,0.0,0.0,1130.386962890625,0.0,0.0,0.0,0.0,0.0,0.0,23.073551177978516,186616.0625,60.65292739868164,0.0,0.0,0.0,0.0,0.0,0.0,204244.0,0.0,0.0,0.0,0.0,0.0,0.0,0.8350445032119751
2000-12-01,290.79095458984375,279.0804138183594,279.62890625,290.79095458984375,279.0804138183594,279.62890625,10160827392.0,0.0,0.0,0.0,0.0,0.0,158.39511108398438,184.0,184.03515625,60615012.0,1205422.125,0.0,1191768.75,1205422.0,465910304.0,463419936.0,1205422.125,7610.22265625,7651.466796875,0.0,2.0,3.0,55221876.0,329429.40625,6551.20703125,6551.20703125,6475.7666015625,0.0,2532121.25,2532121.25,2518060.0,0.0,275.5213928222656,10324.05078125,11632.349609375,4286655.0,0.1391570121049881,0.15365681052207947,0.0008785436511971056,347152960.0,10000.0,10000.0,2424973.0,2424973.0,38226.390625,1059.015869140625,1175.699951171875,217940.578125,239515.0,0.0,0.0,0.0,0.0,0.0,0.0,158.39511108398438,0.0,184.0,0.0,184.03515625,0.0,60615012.0,0.0,1205422.125,0.0,0.0,0.0,1191768.75,0.0,1205422.0,0.0,465910304.0,0.0,0.0,0.0,463419936.0,0.0,465910304.0,0.0,7610.22265625,0.0,2750061.75,0.0,0.0,0.0,0.0,329429.40625,0.0,6551.20703125,0.0,6551.20703125,0.0,6475.7666015625,0.0,0.0,0.0,2532121.25,0.0,2532121.25,0.0,2518060.0,0.0,0.0,0.0,0.0,10324.05078125,11632.349609375,0.0,4286655.0,0.0,0.1391570121049881,0.0,0.15365681052207947,0.0,0.0008785436511971056,0.0,0.0,10000.0,0.0,10000.0,38226.390625,0.0,1059.015869140625,0.0,1175.699951171875,0.0,217940.578125,0.0,239515.0,0.0,3854064896.0,4340218.0,3809032704.0,9576567.0,2482778624.0,1034626.0625,1490.3985595703125,337.3604431152344,94.99361419677734,59.228214263916016,37.29734802246094,27.462594985961914,3854063360.0,4339880.5,3809032704.0,9576508.0,2482778624.0,1034598.625,144760.09375,0.0,688849.3125,0.0,371812.625,0.0,47953020.0,0.0,246291472.0,0.0,171665840.0,0.0,20946004.0,23583.6171875,20701264.0,52042.4375,13493360.0,5622.02587890625,0.0,0.0,0.0,0.0,0.0,0.0,20946004.0,23583.6171875,20701264.0,52042.4375,13493360.0,5622.02587890625,278.14202880859375,289.62939453125,273.8104553222656,272.73150634765625,274.0711669921875,273.1533203125,25.380001068115234,0.04333333671092987,267.4676818847656,263.0108947753906,267.76739501953125,0.0,0.0,321.6230163574219,305.5249328613281,0.0,270.5216979980469,271.3240661621094,270.9740905761719,0.0,0.0,301.10150146484375,285.3389587402344,0.0,270.16387939453125,270.7331848144531,270.6041564941406,0.0,0.0,302.6810302734375,287.1107177734375,0.0,269.6650085449219,269.9298095703125,270.1341857910156,0.0,0.0,304.6906433105469,289.52105712890625,0.0,0.0,0.0,0.0,0.0,0.0,0.0,0.0,0.0,0.0,0.0,0.0,0.0,0.0,0.0,0.0,0.0,0.0,0.0,0.0,0.0,0.0,0.0,0.0,0.0,0.0,0.0,0.0,0.0,0.0,0.0,0.0,0.0,0.0,0.0,0.0,0.0,0.0,0.0,0.0,0.0,184.0,184.0,184.0,0.0,0.0,0.0,0.0,0.0,184.0019989013672,184.29043579101562,184.05047607421875,0.0,0.0,0.0,0.0,0.0,736176.625,86500.8046875,382744.625,0.0,0.0,0.0,0.0,0.0,736192.0,72751.7265625,382825.0,0.0,0.0,0.0,0.0,0.0,223022208.0,66149096.0,176738992.0,0.0,0.0,0.0,0.0,0.0,223045968.0,63606936.0,176767024.0,0.0,0.0,0.0,0.0,0.0,4001.047607421875,1528.894287109375,2080.28076171875,0.0,0.0,0.0,0.0,0.0,5.0,5.0,5.0,0.0,0.0,2.0,2.0,0.0,0.0,0.0,0.0,0.0,0.0,0.0,0.0,0.0,4000.9599609375,470.1130676269531,2080.134033203125,0.0,0.0,0.0,0.0,0.0,4001.0,394.7666931152344,2080.0,0.0,0.0,0.0,0.0,0.0,1212077.25,359505.96875,960538.0,0.0,0.0,0.0,0.0,0.0,1212028.0,345521.0,960511.0,0.0,0.0,0.0,0.0,0.0,1854.899658203125,67.13057708740234,889.9662475585938,0.0,0.0,295.5128173828125,313.59954833984375,0.0,0.0,0.0,0.0,0.0,0.0,0.0,0.0,0.0,6436.48974609375,1849.368408203125,3346.49169921875,0.0,0.0,0.0,0.0,0.0,2.1925474356976338e-05,0.6925143599510193,7.063843804644421e-05,0.0,0.0,0.0,0.0,0.0,0.0,0.748630940914154,0.0,0.0,0.0,0.0,0.0,0.0,0.0,0.0,0.0,0.0,0.0,5000.0,5000.0,0.0,0.0,0.0,0.0,0.0,0.0,5000.0,5000.0,0.0,0.0,0.0,0.0,0.0,0.0,1514983.0,909990.0,0.0,0.0,0.0,0.0,0.0,0.0,1514983.0,909990.0,0.0,0.08772486448287964,1058.78125,0.14694778621196747,0.0,0.0,0.0,0.0,0.0,0.0,1175.699951171875,0.0,0.0,0.0,0.0,0.0,0.0,25.6999568939209,217849.859375,65.03296661376953,0.0,0.0,0.0,0.0,0.0,0.0,239515.0,0.0,0.0,0.0,0.0,0.0,0.0,0.9171800017356873
2001-01-01,290.54803466796875,278.5006103515625,279.04730224609375,290.54803466796875,278.5006103515625,279.04730224609375,10124216320.0,0.0,0.0,0.0,0.0,0.0,157.43487548828125,184.0,184.0476837158203,60369000.0,1179162.5,0.0,1163525.625,1179162.5,502521312.0,499489216.0,1179162.5,7489.84375,7537.1611328125,0.0,2.0,3.0,55022900.0,328092.375,6408.4921875,6408.4921875,6321.87109375,0.0,2731094.25,2731094.25,2714038.0,0.0,274.95855712890625,10324.3125,11427.541015625,4640884.5,0.14437571167945862,0.16123975813388824,0.0009170504636131227,347429920.0,10000.0,10000.0,2734973.0,2734973.0,39691.921875,1081.3515625,1215.2900390625,250980.078125,277189.0,0.0,0.0,0.0,0.0,0.0,0.0,157.43487548828125,0.0,184.0,0.0,184.0476837158203,0.0,60369000.0,0.0,1179162.5,0.0,0.0,0.0,1163525.625,0.0,1179162.5,0.0,502521312.0,0.0,0.0,0.0,499489216.0,0.0,502521344.0,0.0,7489.84375,0.0,2982074.25,0.0,0.0,0.0,0.0,328092.375,0.0,6408.4921875,0.0,6408.4921875,0.0,6321.87109375,0.0,0.0,0.0,2731094.25,0.0,2731094.25,0.0,2714038.0,0.0,0.0,0.0,0.0,10324.3125,11427.541015625,0.0,4640884.5,0.0,0.14437571167945862,0.0,0.16123975813388824,0.0,0.0009170504636131227,0.0,0.0,10000.0,0.0,10000.0,39691.921875,0.0,1081.3515625,0.0,1215.2900390625,0.0,250980.078125,0.0,277189.0,0.0,3836408064.0,4430819.5,3799629056.0,9943392.0,2472761856.0,1042376.9375,1588.3564453125,357.0196228027344,113.60894012451172,71.2840805053711,88.36361694335938,33.75308609008789,3836406528.0,4430462.5,3799629056.0,9943321.0,2472761856.0,1042343.1875,145365.59375,0.0,681668.8125,0.0,352128.15625,0.0,52447560.0,0.0,267491936.0,0.0,182581840.0,0.0,20850044.0,24076.013671875,20650158.0,54036.0703125,13438921.0,5664.169921875,0.0,0.0,0.0,0.0,0.0,0.0,20850044.0,24076.013671875,20650158.0,54036.0703125,13438921.0,5664.169921875,277.570556640625,289.2601623535156,273.2532958984375,272.1731262207031,273.5188903808594,272.5865478515625,27.150001525878906,0.06285714358091354,266.8813781738281,262.60614013671875,267.5173645019531,0.0,0.0,321.2716979980469,304.4019775390625,0.0,269.9311828613281,270.7759094238281,270.5533447265625,0.0,0.0,300.750244140625,284.6810302734375,0.0,269.5740966796875,270.1940002441406,270.20245361328125,0.0,0.0,302.32958984375,286.41259765625,0.0,269.0762939453125,269.4021911621094,269.75665283203125,0.0,0.0,304.33905029296875,288.7665710449219,0.0,0.0,0.0,0.0,0.0,0.0,0.0,0.0,0.0,0.0,0.0,0.0,0.0,0.0,0.0,0.0,0.0,0.0,0.0,0.0,0.0,0.0,0.0,0.0,0.0,0.0,0.0,0.0,0.0,0.0,0.0,0.0,0.0,0.0,0.0,0.0,0.0,0.0,0.0,0.0,0.0,184.0,184.0,184.0,0.0,0.0,0.0,0.0,0.0,184.04124450683594,184.26548767089844,184.02182006835938,0.0,0.0,0.0,0.0,0.0,736051.4375,80631.921875,362479.1875,0.0,0.0,0.0,0.0,0.0,736165.0,64837.6796875,362523.0,0.0,0.0,0.0,0.0,0.0,245839792.0,68705672.0,187975856.0,0.0,0.0,0.0,0.0,0.0,245867072.0,65616904.0,188005232.0,0.0,0.0,0.0,0.0,0.0,4000.36767578125,1519.3387451171875,1970.1373291015625,0.0,0.0,0.0,0.0,0.0,5.0,5.0,5.0,0.0,0.0,2.0,2.0,0.0,0.0,0.0,0.0,0.0,0.0,0.0,0.0,0.0,4000.279541015625,438.21697998046875,1969.99560546875,0.0,0.0,0.0,0.0,0.0,4000.0,351.8710021972656,1970.0,0.0,0.0,0.0,0.0,0.0,1336085.875,373400.40625,1021607.9375,0.0,0.0,0.0,0.0,0.0,1336028.0,356429.0,1021581.0,0.0,0.0,0.0,0.0,0.0,1856.596435546875,63.685935974121094,890.258056640625,0.0,0.0,295.50811767578125,320.978271484375,0.0,0.0,0.0,0.0,0.0,0.0,0.0,0.0,0.0,6436.45068359375,1821.26513671875,3169.824951171875,0.0,0.0,0.0,0.0,0.0,2.2027346858521923e-05,0.7115738391876221,7.192222983576357e-05,0.0,0.0,0.0,0.0,0.0,0.0,0.7754723429679871,0.0,0.0,0.0,0.0,0.0,0.0,0.0,0.0,0.0,0.0,0.0,5000.0,5000.0,0.0,0.0,0.0,0.0,0.0,0.0,5000.0,5000.0,0.0,0.0,0.0,0.0,0.0,0.0,1669983.0,1064990.0,0.0,0.0,0.0,0.0,0.0,0.0,1669983.0,1064990.0,0.0,0.08811748772859573,1081.1217041015625,0.14169667661190033,0.0,0.0,0.0,0.0,0.0,0.0,1215.2900390625,0.0,0.0,0.0,0.0,0.0,0.0,28.426219940185547,250882.25,69.38992309570312,0.0,0.0,0.0,0.0,0.0,0.0,277189.0,0.0,0.0,0.0,0.0,0.0,0.0,1.0020533800125122
2001-02-01,282.98388671875,273.41888427734375,273.8623962402344,282.98388671875,273.41888427734375,273.8623962402344,10071310336.0,0.0,0.0,0.0,0.0,0.0,143.31211853027344,184.0,184.05398559570312,102023408.0,1704747.25,0.0,1873729.0,1704747.25,555426752.0,557574848.0,1704747.25,11895.345703125,11380.7744140625,0.0,2.0,5.0,54735372.0,554475.0625,9264.9306640625,9264.9306640625,10180.322265625,0.0,3018623.5,3018623.5,3029628.0,0.0,270.70989990234375,10326.119140625,17640.111328125,5187445.5,0.22112976014614105,0.10548069328069687,0.0015429941704496741,347658880.0,10000.0,10000.0,3044973.0,3044973.0,73055.2890625,2630.4150390625,1200.4520263671875,332008.03125,314403.0,0.0,0.0,0.0,0.0,0.0,0.0,143.31211853027344,0.0,184.0,0.0,184.05398559570312,0.0,102023408.0,0.0,1704747.25,0.0,0.0,0.0,1873729.0,0.0,1704747.25,0.0,555426752.0,0.0,0.0,0.0,557574848.0,0.0,555426816.0,0.0,11895.345703125,0.0,3350631.5,0.0,0.0,0.0,0.0,554475.0625,0.0,9264.9306640625,0.0,9264.9306640625,0.0,10180.322265625,0.0,0.0,0.0,3018623.5,0.0,3018623.5,0.0,3029628.0,0.0,0.0,0.0,0.0,10326.119140625,17640.111328125,0.0,5187445.5,0.0,0.22112976014614105,0.0,0.10548069328069687,0.0,0.0015429941704496741,0.0,0.0,10000.0,0.0,10000.0,73055.2890625,0.0,2630.4150390625,0.0,1200.4520263671875,0.0,332008.03125,0.0,314403.0,0.0,3814607616.0,4581968.0,3785531136.0,10347332.0,2455191552.0,1050892.875,1568.1640625,368.0161437988281,194.74679565429688,96.67102813720703,286.4886474609375,45.54612731933594,3814605824.0,4581600.0,3785530880.0,10347235.0,2455191296.0,1050847.375,381953.03125,0.0,515897.4375,0.0,806896.75,0.0,65124016.0,0.0,283297920.0,0.0,207004864.0,0.0,20731564.0,24897.47265625,20573538.0,56231.41796875,13343430.0,5710.48291015625,0.0,0.0,0.0,0.0,0.0,0.0,20731564.0,24897.47265625,20573538.0,56231.41796875,13343430.0,5710.48291015625,272.39825439453125,283.0553894042969,269.6251525878906,268.74908447265625,269.7475280761719,269.3211975097656,30.32000160217285,0.08571428805589676,264.3358154296875,260.56695556640625,265.1309509277344,262.6271057128906,264.3468322753906,315.01092529296875,300.79150390625,0.0,266.4110107421875,268.2655334472656,267.6458740234375,271.3150634765625,265.9476318359375,294.4753112792969,281.43182373046875,0.0,266.15667724609375,267.71160888671875,267.3583068847656,270.565673828125,265.821533203125,296.0563659667969,283.13006591796875,0.0,265.797119140625,266.9554748535156,266.9934997558594,269.61407470703125,265.64556884765625,298.073486328125,285.43951416015625,0.0,0.0,0.0,0.0,0.0,0.0,0.0,0.0,0.0,0.0,0.0,0.0,0.0,0.0,0.0,0.0,0.0,0.0,0.0,0.0,0.0,0.0,0.0,0.0,0.0,0.0,0.0,0.0,0.0,0.0,0.0,0.0,0.0,0.0,0.0,0.0,0.0,0.0,0.0,0.0,0.0,184.0,184.0,184.0,184.0,184.0,0.0,0.0,0.0,184.0432891845703,184.35633850097656,184.0748291015625,184.0477752685547,184.01864624023438,0.0,0.0,0.0,495183.09375,71687.2734375,303273.46875,435879.0,398724.34375,0.0,0.0,0.0,495260.5,56103.80078125,303355.3125,620241.0,398768.40625,0.0,0.0,0.0,261190448.0,70983520.0,197377312.0,13515006.0,12360450.0,0.0,0.0,0.0,261220160.0,67356120.0,197409248.0,19227472.0,12361821.0,0.0,0.0,0.0,2691.2724609375,1457.4947509765625,1648.3466796875,3931.093505859375,2167.137939453125,0.0,0.0,0.0,5.0,5.0,5.0,5.0,5.0,2.0,2.0,0.0,0.0,0.0,0.0,0.0,0.0,0.0,0.0,0.0,2691.212646484375,389.604736328125,1648.2254638671875,2368.90771484375,2166.980224609375,0.0,0.0,0.0,2691.0,304.3226013183594,1648.0,3370.0,2167.0,0.0,0.0,0.0,1419513.25,385780.0,1072702.875,73451.1171875,67176.359375,0.0,0.0,0.0,1419449.0,365863.0,1072669.0,104470.0,67177.0,0.0,0.0,0.0,1866.2135009765625,60.16560745239258,893.8323364257812,497.42254638671875,1707.02978515625,295.42462158203125,326.8916931152344,0.0,0.0,0.0,0.0,0.0,0.0,0.0,0.0,0.0,4335.056640625,1730.2896728515625,2655.080322265625,5428.958984375,3490.726318359375,0.0,0.0,0.0,2.2268257453106344e-05,0.7326887249946594,7.355364505201578e-05,0.397392213344574,7.285262836376205e-05,0.0,0.0,0.0,0.0,0.7977619767189026,0.0,0.0,0.0,0.0,0.0,0.0,0.0,0.0,0.0,0.0,0.0,5000.0,5000.0,0.0,0.0,0.0,0.0,0.0,0.0,5000.0,5000.0,0.0,0.0,0.0,0.0,0.0,0.0,1824983.0,1219990.0,0.0,0.0,0.0,0.0,0.0,0.0,1824983.0,1219990.0,0.0,0.059929948300123215,1067.8900146484375,0.12124190479516983,1562.1859130859375,0.1578817069530487,0.0,0.0,0.0,0.0,1200.4520263671875,0.0,0.0,0.0,0.0,0.0,0.0,30.27480125427246,283518.125,73.1100082397461,48381.578125,4.934087753295898,0.0,0.0,0.0,0.0,314403.0,0.0,0.0,0.0,0.0,0.0,0.0,1.086926817893982
2001-03-01,281.66754150390625,272.7430419921875,273.21270751953125,281.66754150390625,272.7430419921875,273.21270751953125,10036323328.0,0.0,0.0,0.0,0.0,0.0,135.46775817871094,184.0,184.0896453857422,101237728.0,1242747.75,0.0,1401034.0,1242747.75,590413952.0,596803776.0,1242747.75,9173.75390625,8691.0361328125,0.0,2.0,5.0,54545224.0,550205.0,6754.06396484375,6754.06396484375,7610.60693359375,0.0,3208771.5,3208771.5,3242725.0,0.0,269.69921875,10326.6982421875,13382.103515625,5562098.0,0.2637622058391571,0.12431532144546509,0.0019470480037853122,347872736.0,10000.0,10000.0,3324973.0,3324973.0,78886.0625,2419.689453125,1080.428955078125,398141.5625,344655.0,0.0,0.0,0.0,0.0,0.0,0.0,135.46775817871094,0.0,184.0,0.0,184.0896453857422,0.0,101237728.0,0.0,1242747.75,0.0,0.0,0.0,1401034.0,0.0,1242747.75,0.0,590413952.0,0.0,0.0,0.0,596803776.0,0.0,590414016.0,0.0,9173.75390625,0.0,3606913.0,0.0,0.0,0.0,0.0,550205.0,0.0,6754.06396484375,0.0,6754.06396484375,0.0,7610.60693359375,0.0,0.0,0.0,3208771.5,0.0,3208771.5,0.0,3242725.0,0.0,0.0,0.0,0.0,10326.6982421875,13382.103515625,0.0,5562098.0,0.0,0.2637622058391571,0.0,0.12431532144546509,0.0,0.0019470480037853122,0.0,0.0,10000.0,0.0,10000.0,78886.0625,0.0,2419.689453125,0.0,1080.428955078125,0.0,398141.5625,0.0,344655.0,0.0,3800059392.0,4700230.0,3776955648.0,10753375.0,2442796032.0,1058538.625,1459.529541015625,384.66522216796875,193.09132385253906,93.78041076660156,461.3467102050781,42.69895553588867,3800057856.0,4699845.0,3776955392.0,10753281.0,2442795520.0,1058495.875,275821.375,0.0,393120.625,0.0,573805.75,0.0,72967632.0,0.0,294334048.0,0.0,223112336.0,0.0,20652498.0,25540.201171875,20526932.0,58438.171875,13276063.0,5752.0380859375,0.0,0.0,0.0,0.0,0.0,0.0,20652498.0,25540.201171875,20526932.0,58438.171875,13276063.0,5752.0380859375,271.1290588378906,281.1364440917969,268.750732421875,267.3981018066406,268.9321594238281,267.95928955078125,32.61000061035156,0.07111111283302307,264.4088439941406,260.353271484375,264.8919372558594,263.6680908203125,264.43145751953125,313.2180480957031,299.41131591796875,0.0,265.9853515625,266.9674377441406,266.8589172363281,270.6533203125,265.4867248535156,292.68414306640625,280.3336181640625,0.0,265.7900695800781,266.4802551269531,266.6318359375,270.0538635253906,265.4021301269531,294.26483154296875,282.0097961425781,0.0,265.5121154785156,265.80780029296875,266.3436279296875,269.2920837402344,265.28533935546875,296.27923583984375,284.2851257324219,0.0,0.0,0.0,0.0,0.0,0.0,0.0,0.0,0.0,0.0,0.0,0.0,0.0,0.0,0.0,0.0,0.0,0.0,0.0,0.0,0.0,0.0,0.0,0.0,0.0,0.0,0.0,0.0,0.0,0.0,0.0,0.0,0.0,0.0,0.0,0.0,0.0,0.0,0.0,0.0,0.0,184.0,184.0,184.0,184.0,184.0,0.0,0.0,0.0,184.06866455078125,184.61004638671875,184.133544921875,184.05746459960938,184.04937744140625,0.0,0.0,0.0,375233.53125,57544.1875,237064.6875,308295.875,264609.5,0.0,0.0,0.0,375316.0,45341.5390625,237164.0,478549.40625,264663.0,0.0,0.0,0.0,271696992.0,72640224.0,204015120.0,22292114.0,19769512.0,0.0,0.0,0.0,271728992.0,68625688.0,204049840.0,32626854.0,19772384.0,0.0,0.0,0.0,2039.358154296875,1289.0772705078125,1288.4915771484375,3118.628662109375,1438.1978759765625,0.0,0.0,0.0,5.0,5.0,5.0,5.0,5.0,2.0,2.0,0.0,0.0,0.0,0.0,0.0,0.0,0.0,0.0,0.0,2039.3126220703125,312.7401428222656,1288.39501953125,1675.5211181640625,1438.0950927734375,0.0,0.0,0.0,2039.0,245.6071014404297,1288.0,2600.0,1438.0,0.0,0.0,0.0,1476614.0,394783.8125,1108777.875,121152.7890625,107443.0,0.0,0.0,0.0,1476541.0,372740.0,1108733.0,177270.0,107441.0,0.0,0.0,0.0,1867.03466796875,56.3812141418457,894.4913330078125,477.2965087890625,1708.0023193359375,295.4007263183594,331.7662658691406,0.0,0.0,0.0,0.0,0.0,0.0,0.0,0.0,0.0,3286.154541015625,1512.177001953125,2076.193603515625,4190.15478515625,2317.423828125,0.0,0.0,0.0,2.23191236727871e-05,0.7573922276496887,7.490155257983133e-05,0.46273788809776306,7.148202712414786e-05,0.0,0.0,0.0,0.0,0.8147810101509094,0.0,0.0,0.0,0.0,0.0,0.0,0.0,0.0,0.0,0.0,0.0,5000.0,5000.0,0.0,0.0,0.0,0.0,0.0,0.0,5000.0,5000.0,0.0,0.0,0.0,0.0,0.0,0.0,1964983.0,1359990.0,0.0,0.0,0.0,0.0,0.0,0.0,1964983.0,1359990.0,0.0,0.04551668465137482,976.3370361328125,0.09651001542806625,1443.107666015625,0.10280529409646988,0.0,0.0,0.0,0.0,1080.428955078125,0.0,0.0,0.0,0.0,0.0,0.0,31.54738426208496,310470.375,75.79106903076172,87556.03125,7.81815767288208,0.0,0.0,0.0,0.0,344655.0,0.0,0.0,0.0,0.0,0.0,0.0,1.1635866165161133
2001-04-01,281.6015625,274.2520446777344,274.73785400390625,281.6015625,274.2520446777344,274.73785400390625,9999668224.0,0.0,0.0,0.0,0.0,0.0,121.26627349853516,184.0,184.07760620117188,100762408.0,1178025.75,0.0,1301814.625,1178025.75,627068352.0,637160000.0,1178025.75,9714.3720703125,9336.9677734375,0.0,3.0,5.0,54346012.0,547621.75,6402.31396484375,6402.31396484375,7072.09716796875,0.0,3407980.0,3407980.0,3461960.0,0.0,270.2783203125,15322.5556640625,13735.916015625,5987944.5,0.3409441411495209,0.24257031083106995,0.0028115331660956144,348231200.0,14838.0,14838.0,3784951.0,3784951.0,80537.3984375,3312.058349609375,2264.871337890625,499668.1875,414866.03125,0.0,0.0,0.0,0.0,0.0,0.0,121.26627349853516,0.0,184.0,0.0,184.07760620117188,0.0,100762408.0,0.0,1178025.75,0.0,0.0,0.0,1301814.625,0.0,1178025.75,0.0,627068352.0,0.0,0.0,0.0,637160000.0,0.0,627068416.0,0.0,9714.3720703125,0.0,3907648.25,0.0,0.0,0.0,0.0,547621.75,0.0,6402.31396484375,0.0,6402.31396484375,0.0,7072.09716796875,0.0,0.0,0.0,3407980.0,0.0,3407980.0,0.0,3461960.0,0.0,0.0,0.0,0.0,15322.5556640625,13735.916015625,0.0,5987944.5,0.0,0.3409441411495209,0.0,0.24257031083106995,0.0,0.0028115331660956144,0.0,0.0,14838.0,0.0,14838.0,80537.3984375,0.0,3312.058349609375,0.0,2264.871337890625,0.0,499668.1875,0.0,414866.03125,0.0,3786562048.0,4799994.5,3767428608.0,10772510.0,2429041920.0,1063630.75,1459.6334228515625,402.0010986328125,189.3556365966797,83.352294921875,433.4437255859375,40.11579132080078,3786560768.0,4799592.5,3767428352.0,10772426.0,2429041408.0,1063590.625,225437.6875,0.0,434502.3125,0.0,518085.78125,0.0,80331664.0,0.0,307769856.0,0.0,238966896.0,0.0,20579142.0,26082.400390625,20475154.0,58542.171875,13201312.0,5779.71435546875,0.0,0.0,0.0,0.0,0.0,0.0,20579142.0,26082.400390625,20475154.0,58542.171875,13201312.0,5779.71435546875,271.08612060546875,280.6350402832031,269.7582702636719,270.4285583496094,269.8046569824219,271.3215637207031,34.75,0.06285714358091354,265.28485107421875,256.0375061035156,265.6654052734375,265.16876220703125,265.009033203125,312.7423400878906,300.7182312011719,291.0525817871094,266.7803039550781,269.6229553222656,267.3494873046875,271.4802551269531,265.9718017578125,292.21087646484375,281.93438720703125,284.5851745605469,266.5899963378906,268.6600036621094,267.1531982421875,270.93902587890625,265.895751953125,293.79119873046875,283.58056640625,285.2989807128906,266.316162109375,267.38861083984375,266.90380859375,270.2482604980469,265.7862243652344,295.8031921386719,285.8189697265625,286.0949401855469,0.0,0.0,0.0,0.0,0.0,0.0,0.0,0.0,0.0,0.0,0.0,0.0,0.0,0.0,0.0,0.0,0.0,0.0,0.0,0.0,0.0,0.0,0.0,0.0,0.0,0.0,0.0,0.0,0.0,0.0,0.0,0.0,0.0,0.0,0.0,0.0,0.0,0.0,0.0,0.0,184.0,184.0,184.0,184.0,184.0,0.0,0.0,0.0,184.08876037597656,184.2545928955078,184.04823303222656,184.05511474609375,184.0726318359375,0.0,0.0,0.0,350409.875,113225.7421875,202228.03125,271458.40625,240703.734375,0.0,0.0,0.0,350505.0,73541.3515625,202269.0,434732.3125,240767.0,0.0,0.0,0.0,282559680.0,76235600.0,210284208.0,30757504.0,27231334.0,0.0,0.0,0.0,282594656.0,70905464.0,210320176.0,46103556.0,27236162.0,0.0,0.0,0.0,1904.4439697265625,2536.64208984375,1099.149169921875,2865.868896484375,1308.2681884765625,0.0,0.0,0.0,5.0,5.0,5.0,5.0,5.0,2.0,2.0,2.0,0.0,0.0,0.0,0.0,0.0,0.0,0.0,0.0,1904.4014892578125,615.3572998046875,1099.0654296875,1475.3173828125,1308.1724853515625,0.0,0.0,0.0,1904.0,399.1289978027344,1099.0,2361.968017578125,1308.0,0.0,0.0,0.0,1535650.5,414323.9375,1142848.875,167160.359375,147996.375,0.0,0.0,0.0,1535565.0,385113.0,1142802.0,250491.015625,147989.0,0.0,0.0,0.0,1864.653564453125,53.8676643371582,893.4474487304688,447.8368835449219,1706.6619873046875,295.3943786621094,336.80731201171875,988.8734130859375,0.0,0.0,0.0,0.0,0.0,0.0,0.0,0.0,3068.501708984375,2975.5185546875,1770.950439453125,3813.06005859375,2107.885498046875,0.0,0.0,0.0,2.236287218693178e-05,0.7574126124382019,7.628267485415563e-05,0.4852111339569092,7.316507253563032e-05,0.0,0.0,0.0,0.0,0.8498021960258484,0.0,0.002805507043376565,0.0,0.0,0.0,0.0,0.0,0.0,0.0,0.0,0.0,5000.0,5000.0,4838.0,0.0,0.0,0.0,0.0,0.0,5000.0,5000.0,4838.0,0.0,0.0,0.0,0.0,0.0,2119983.0,1514990.0,149978.0,0.0,0.0,0.0,0.0,0.0,2119983.0,1514990.0,149978.0,0.04258883744478226,1921.2847900390625,0.08384604007005692,1390.551513671875,0.09571953862905502,0.0,0.0,0.0,0.0,2258.22607421875,0.0,6.645161151885986,0.0,0.0,0.0,0.0,32.866641998291016,369305.28125,78.36988067626953,130240.9140625,10.754158020019531,0.0,0.0,0.0,0.0,414660.03125,0.0,206.0,0.0,0.0,0.0,0.0,1.2484599351882935
2001-05-01,281.9581298828125,274.972412109375,275.46527099609375,281.9581298828125,274.972412109375,275.46527099609375,9963882496.0,0.0,0.0,0.0,0.0,0.0,113.81254577636719,184.0,184.0958251953125,100217104.0,1183875.625,0.0,1283700.25,1183875.625,662854592.0,675671040.0,1183875.625,10401.978515625,10097.5,0.0,3.0,5.0,54151524.0,544658.1875,6434.10693359375,6434.10693359375,6973.00048828125,0.0,3602470.5,3602470.5,3671150.0,0.0,270.8283386230469,15489.4365234375,14462.4921875,6421846.5,0.3814535439014435,0.3094329833984375,0.0033515950199216604,348564448.0,15000.0,15000.0,4234951.0,4234951.0,83752.296875,3967.871826171875,3124.49951171875,616416.9375,508601.0,0.0,0.0,0.0,0.0,0.0,0.0,113.81254577636719,0.0,184.0,0.0,184.0958251953125,0.0,100217104.0,0.0,1183875.625,0.0,0.0,0.0,1283700.25,0.0,1183875.625,0.0,662854592.0,0.0,0.0,0.0,675671040.0,0.0,662854656.0,0.0,10401.978515625,0.0,4218887.5,0.0,0.0,0.0,0.0,544658.1875,0.0,6434.10693359375,0.0,6434.10693359375,0.0,6973.00048828125,0.0,0.0,0.0,3602470.5,0.0,3602470.5,0.0,3671150.0,0.0,0.0,0.0,0.0,15489.4365234375,14462.4921875,0.0,6421846.5,0.0,0.3814535439014435,0.0,0.3094329833984375,0.0,0.0033515950199216604,0.0,0.0,15000.0,0.0,15000.0,83752.296875,0.0,3967.871826171875,0.0,3124.49951171875,0.0,616416.9375,0.0,508601.0,0.0,3775030272.0,4881210.0,3757632000.0,10705895.0,2414565376.0,1067683.375,1580.9373779296875,412.2590637207031,183.65383911132812,93.06427001953125,399.01483154296875,44.847354888916016,3775028736.0,4880797.5,3757632000.0,10705802.0,2414564864.0,1067638.5,217588.734375,0.0,465717.53125,0.0,500569.40625,0.0,86948712.0,0.0,321855136.0,0.0,254050784.0,0.0,20516470.0,26523.787109375,20421912.0,58180.140625,13122636.0,5801.73779296875,0.0,0.0,0.0,0.0,0.0,0.0,20516470.0,26523.787109375,20421912.0,58180.140625,13122636.0,5801.73779296875,271.53448486328125,280.8516845703125,270.3598327636719,270.93023681640625,270.4328308105469,271.7605285644531,36.480003356933594,0.06000000238418579,265.9129333496094,251.5360107421875,266.62200927734375,265.6937255859375,265.6161804199219,312.93426513671875,300.9933776855469,291.7788391113281,267.41986083984375,269.0340881347656,268.18133544921875,272.0592346191406,266.5910949707031,292.404052734375,282.4403991699219,285.1036071777344,267.2279052734375,267.79840087890625,267.9994812011719,271.52154541015625,266.51470947265625,293.9841613769531,284.06756591796875,285.8365478515625,266.9517822265625,266.1888732910156,267.76849365234375,270.8330993652344,266.403564453125,295.9952697753906,286.2783203125,286.6522216796875,0.0,0.0,0.0,0.0,0.0,0.0,0.0,0.0,0.0,0.0,0.0,0.0,0.0,0.0,0.0,0.0,0.0,0.0,0.0,0.0,0.0,0.0,0.0,0.0,0.0,0.0,0.0,0.0,0.0,0.0,0.0,0.0,0.0,0.0,0.0,0.0,0.0,0.0,0.0,0.0,184.0,184.0,184.0,184.0,184.0,0.0,0.0,0.0,184.05166625976562,184.31375122070312,184.1456756591797,184.05224609375,184.1352996826172,0.0,0.0,0.0,352580.4375,141102.140625,187007.28125,259678.09375,243507.75,0.0,0.0,0.0,352643.0,70653.6015625,187092.0,429700.6875,243611.0,0.0,0.0,0.0,293137120.0,80601784.0,215894416.0,38684688.0,34536568.0,0.0,0.0,0.0,293173952.0,73025072.0,215932944.0,58994576.0,34544492.0,0.0,0.0,0.0,1916.2408447265625,3261.587646484375,1016.4227905273438,2884.21826171875,1323.5091552734375,0.0,0.0,0.0,5.0,5.0,5.0,5.0,5.0,2.0,2.0,2.0,0.0,0.0,0.0,0.0,0.0,0.0,0.0,0.0,1916.197998046875,766.8594360351562,1016.3439331054688,1411.2939453125,1323.41162109375,0.0,0.0,0.0,1916.0,383.33331298828125,1016.0,2334.6669921875,1323.0,0.0,0.0,0.0,1593136.5,438053.15625,1173339.25,210242.875,187698.75,0.0,0.0,0.0,1593045.0,396613.0,1173282.0,320531.03125,187679.0,0.0,0.0,0.0,1862.768310546875,52.09531021118164,891.9888305664062,410.0151062011719,1705.001953125,295.3969421386719,341.0168762207031,988.9044799804688,0.0,0.0,0.0,0.0,0.0,0.0,0.0,0.0,3086.9814453125,3811.516357421875,1637.380859375,3794.53662109375,2132.076904296875,0.0,0.0,0.0,2.238521665276494e-05,0.7648815512657166,7.760555308777839e-05,0.510684072971344,7.363913755398244e-05,0.0,0.0,0.0,0.0,0.8897157907485962,0.0,0.013507232069969177,0.0,0.0,0.0,0.0,0.0,0.0,0.0,0.0,0.0,5000.0,5000.0,5000.0,0.0,0.0,0.0,0.0,0.0,5000.0,5000.0,5000.0,0.0,0.0,0.0,0.0,0.0,2269983.0,1664990.0,299978.0,0.0,0.0,0.0,0.0,0.0,2269983.0,1664990.0,299978.0,0.04289546608924866,2494.728271484375,0.07888005673885345,1472.9244384765625,0.09746207296848297,0.0,0.0,0.0,0.0,3092.532958984375,0.0,31.9666690826416,0.0,0.0,0.0,0.0,34.1529655456543,443017.28125,80.71868896484375,173271.125,13.674551963806152,0.0,0.0,0.0,0.0,507436.0,0.0,1165.0001220703125,0.0,0.0,0.0,0.0,1.3305954933166504
2001-06-01,282.2870788574219,275.44158935546875,275.9426574707031,282.2870788574219,275.44158935546875,275.9426574707031,9927072768.0,0.0,0.0,0.0,0.0,0.0,109.76573944091797,184.0,184.08229064941406,99483168.0,1177966.625,0.0,1268368.5,1177966.625,699663680.0,714990464.0,1177966.625,10731.6416015625,10456.064453125,0.0,3.0,5.0,53951472.0,540669.375,6401.9921875,6401.9921875,6890.2255859375,0.0,3802519.75,3802519.75,3884747.0,0.0,271.2073669433594,15489.1630859375,14783.083984375,6880140.5,0.40344706177711487,0.34103065729141235,0.0036755281034857035,348897696.0,15000.0,15000.0,4699951.0,4699951.0,88214.7265625,4329.6494140625,3565.838623046875,748160.4375,619142.0,0.0,0.0,0.0,0.0,0.0,0.0,109.76573944091797,0.0,184.0,0.0,184.08229064941406,0.0,99483168.0,0.0,1177966.625,0.0,0.0,0.0,1268368.5,0.0,1177966.625,0.0,699663680.0,0.0,0.0,0.0,714990464.0,0.0,699663744.0,0.0,10731.6416015625,0.0,4550680.5,0.0,0.0,0.0,0.0,540669.375,0.0,6401.9921875,0.0,6401.9921875,0.0,6890.2255859375,0.0,0.0,0.0,3802519.75,0.0,3802519.75,0.0,3884747.0,0.0,0.0,0.0,0.0,15489.1630859375,14783.083984375,0.0,6880140.5,0.0,0.40344706177711487,0.0,0.34103065729141235,0.0,0.0036755281034857035,0.0,0.0,15000.0,0.0,15000.0,88214.7265625,0.0,4329.6494140625,0.0,3565.838623046875,0.0,748160.4375,0.0,619142.0,0.0,3763634176.0,4959671.5,3747549184.0,10618578.0,2399240448.0,1071222.875,1522.6981201171875,425.8819885253906,163.40037536621094,82.65253448486328,291.0537414550781,40.02558898925781,3763632640.0,4959246.0,3747548928.0,10618496.0,2399240192.0,1071182.875,216893.46875,0.0,474421.65625,0.0,486651.46875,0.0,93726080.0,0.0,336685664.0,0.0,269251968.0,0.0,20454534.0,26950.2109375,20367114.0,57705.58984375,13039349.0,5820.97412109375,0.0,0.0,0.0,0.0,0.0,0.0,20454534.0,26950.2109375,20367114.0,57705.58984375,13039349.0,5820.97412109375,271.903564453125,281.1187744140625,270.73931884765625,271.22259521484375,270.82586669921875,271.99761962890625,38.17000198364258,0.05714286118745804,266.26416015625,249.92562866210938,267.1815490722656,266.0984191894531,265.9603576660156,313.19122314453125,301.0541687011719,291.8874206542969,267.79681396484375,268.7973937988281,268.7003173828125,272.48565673828125,266.9713439941406,292.6614685058594,282.7087097167969,285.2187805175781,267.60186767578125,267.4578857421875,268.5232849121094,271.9567565917969,266.89251708984375,294.2414855957031,284.318603515625,285.9487609863281,267.32171630859375,265.720703125,268.2985534667969,271.278564453125,266.77728271484375,296.2524108886719,286.5043640136719,286.7599792480469,0.0,0.0,0.0,0.0,0.0,0.0,0.0,0.0,0.0,0.0,0.0,0.0,0.0,0.0,0.0,0.0,0.0,0.0,0.0,0.0,0.0,0.0,0.0,0.0,0.0,0.0,0.0,0.0,0.0,0.0,0.0,0.0,0.0,0.0,0.0,0.0,0.0,0.0,0.0,0.0,184.0,184.0,184.0,184.0,184.0,0.0,0.0,0.0,184.04873657226562,184.2781982421875,184.11325073242188,184.04283142089844,184.1269073486328,0.0,0.0,0.0,358649.90625,144432.796875,182020.359375,240527.296875,252336.25,0.0,0.0,0.0,358711.0,59076.03125,182088.0,416055.5,252438.0,0.0,0.0,0.0,304255264.0,85212720.0,221537056.0,46299628.0,42358996.0,0.0,0.0,0.0,304293984.0,74856432.0,221577664.0,71892296.0,42370068.0,0.0,0.0,0.0,1949.22802734375,3559.59619140625,989.3192138671875,2862.004150390625,1371.493896484375,0.0,0.0,0.0,5.0,5.0,5.0,5.0,5.0,2.0,2.0,2.0,0.0,0.0,0.0,0.0,0.0,0.0,0.0,0.0,1949.184326171875,784.9608154296875,989.2410278320312,1307.213623046875,1371.3927001953125,0.0,0.0,0.0,1949.0,320.5806884765625,989.0,2260.64501953125,1371.0,0.0,0.0,0.0,1653561.125,463112.59375,1204005.75,251628.40625,230211.9375,0.0,0.0,0.0,1653464.0,406551.0,1203941.0,390611.0,230180.0,0.0,0.0,0.0,1861.6636962890625,49.489017486572266,890.9815063476562,368.7421569824219,1703.97802734375,295.4003601074219,344.8838195800781,988.9136962890625,0.0,0.0,0.0,0.0,0.0,0.0,0.0,0.0,3139.764404296875,4129.52294921875,1593.53662109375,3711.135498046875,2209.125,0.0,0.0,0.0,2.2413643819163553e-05,0.7794803977012634,7.902857032604516e-05,0.5432524085044861,7.383387128356844e-05,0.0,0.0,0.0,0.0,0.9160613417625427,0.0,0.028865208849310875,0.0,0.0,0.0,0.0,0.0,0.0,0.0,0.0,0.0,5000.0,5000.0,5000.0,0.0,0.0,0.0,0.0,0.0,5000.0,5000.0,5000.0,0.0,0.0,0.0,0.0,0.0,2424983.0,1819990.0,454978.0,0.0,0.0,0.0,0.0,0.0,2424983.0,1819990.0,454978.0,0.0436892993748188,2774.635498046875,0.07818448543548584,1554.7906494140625,0.10126271098852158,0.0,0.0,0.0,0.0,3498.64501953125,0.0,67.19355010986328,0.0,0.0,0.0,0.0,35.5066032409668,527898.0,83.12345123291016,220127.03125,16.81275749206543,0.0,0.0,0.0,0.0,615894.0,0.0,3248.0,0.0,0.0,0.0,0.0,1.4154688119888306
2001-07-01,282.656005859375,275.88787841796875,276.39874267578125,282.656005859375,275.88787841796875,276.39874267578125,9891987456.0,0.0,0.0,0.0,0.0,0.0,107.01789855957031,184.0,184.06399536132812,98854976.0,1161513.125,0.0,1244567.125,1161513.0,734749568.0,752327488.0,1161513.125,10853.447265625,10600.4677734375,0.0,3.0,5.0,53760788.0,537255.3125,6312.5712890625,6312.5712890625,6761.6005859375,0.0,3993204.0,3993204.0,4087595.0,0.0,271.52105712890625,15488.9365234375,14856.1318359375,7325839.5,0.418381005525589,0.36214128136634827,0.003909449093043804,349213536.0,15000.0,15000.0,5149951.0,5149951.0,92611.5625,4540.87646484375,3838.866943359375,882348.8125,734308.0,0.0,0.0,0.0,0.0,0.0,0.0,107.01789855957031,0.0,184.0,0.0,184.06399536132812,0.0,98854976.0,0.0,1161513.125,0.0,0.0,0.0,1244567.125,0.0,1161513.0,0.0,734749568.0,0.0,0.0,0.0,752327488.0,0.0,734749632.0,0.0,10853.447265625,0.0,4875553.0,0.0,0.0,0.0,0.0,537255.3125,0.0,6312.5712890625,0.0,6312.5712890625,0.0,6761.6005859375,0.0,0.0,0.0,3993204.0,0.0,3993204.0,0.0,4087595.0,0.0,0.0,0.0,0.0,15488.9365234375,14856.1318359375,0.0,7325839.5,0.0,0.418381005525589,0.0,0.36214128136634827,0.0,0.003909449093043804,0.0,0.0,15000.0,0.0,15000.0,92611.5625,0.0,4540.87646484375,0.0,3838.866943359375,0.0,882348.8125,0.0,734308.0,0.0,3752969472.0,5030368.5,3737974528.0,10539612.0,2384399360.0,1074095.375,1514.9652099609375,439.36480712890625,132.41636657714844,79.2695541381836,128.833984375,38.971839904785156,3752967936.0,5029929.0,3737974528.0,10539533.0,2384399104.0,1074056.5,216717.078125,0.0,476073.65625,0.0,468722.28125,0.0,100273952.0,0.0,351061024.0,0.0,283414624.0,0.0,20396574.0,27334.431640625,20315078.0,57276.43359375,12958689.0,5836.59130859375,0.0,0.0,0.0,0.0,0.0,0.0,20396574.0,27334.431640625,20315078.0,57276.43359375,12958689.0,5836.59130859375,272.2147216796875,281.4238586425781,271.0532531738281,271.52325439453125,271.1418151855469,272.2616882324219,39.70000076293945,0.05666666850447655,266.5491638183594,249.21456909179688,267.569091796875,266.7986755371094,266.1849365234375,313.4989318847656,301.1181335449219,292.0447692871094,268.0998840332031,268.7732849121094,269.0671081542969,272.9364929199219,267.24884033203125,292.9696044921875,282.95025634765625,285.38018798828125,267.9027099609375,267.3848571777344,268.89251708984375,272.4340515136719,267.1661376953125,294.5495300292969,284.5451965332031,286.10833740234375,267.61932373046875,265.5873718261719,268.6708679199219,271.7899475097656,267.0446472167969,296.56036376953125,286.70947265625,286.91693115234375,0.0,0.0,0.0,0.0,0.0,0.0,0.0,0.0,0.0,0.0,0.0,0.0,0.0,0.0,0.0,0.0,0.0,0.0,0.0,0.0,0.0,0.0,0.0,0.0,0.0,0.0,0.0,0.0,0.0,0.0,0.0,0.0,0.0,0.0,0.0,0.0,0.0,0.0,0.0,0.0,184.0,184.0,184.0,184.0,184.0,0.0,0.0,0.0,184.0649871826172,184.25120544433594,184.02871704101562,184.03836059570312,184.088134765625,0.0,0.0,0.0,362715.09375,143426.953125,179401.109375,210779.765625,265190.1875,0.0,0.0,0.0,362792.09375,50638.37109375,179428.0,386437.6875,265271.0,0.0,0.0,0.0,315136704.0,89614056.0,226919088.0,52764976.0,50314704.0,0.0,0.0,0.0,315177760.0,76375584.0,226960512.0,83485424.0,50328200.0,0.0,0.0,0.0,1971.322021484375,3728.791259765625,975.0845336914062,2736.891845703125,1441.3580322265625,0.0,0.0,0.0,5.0,5.0,5.0,5.0,5.0,2.0,2.0,2.0,0.0,0.0,0.0,0.0,0.0,0.0,0.0,0.0,1971.2777099609375,779.4943237304688,975.0060424804688,1145.542236328125,1441.2509765625,0.0,0.0,0.0,1971.0,274.83331298828125,975.0,2099.76708984375,1441.0,0.0,0.0,0.0,1712699.5,487032.90625,1233256.0,286766.1875,273449.46875,0.0,0.0,0.0,1712594.0,414796.0,1233191.0,453604.03125,273410.0,0.0,0.0,0.0,1860.7723388671875,47.42388916015625,890.19775390625,337.2437438964844,1703.1915283203125,295.40447998046875,348.25592041015625,988.92626953125,0.0,0.0,0.0,0.0,0.0,0.0,0.0,0.0,3175.052734375,4300.91162109375,1570.458984375,3488.270263671875,2321.4384765625,0.0,0.0,0.0,2.2442953195422888e-05,0.7909525632858276,8.044173591770232e-05,0.5814441442489624,7.42223346605897e-05,0.0,0.0,0.0,0.0,0.9314801096916199,0.0,0.04662952572107315,0.0,0.0,0.0,0.0,0.0,0.0,0.0,0.0,0.0,5000.0,5000.0,5000.0,0.0,0.0,0.0,0.0,0.0,5000.0,5000.0,5000.0,0.0,0.0,0.0,0.0,0.0,2574983.0,1969990.0,604978.0,0.0,0.0,0.0,0.0,0.0,2574983.0,1969990.0,604978.0,0.044242288917303085,2949.296875,0.07843749225139618,1591.3497314453125,0.10698095709085464,0.0,0.0,0.0,0.0,3736.1669921875,0.0,102.69999694824219,0.0,0.0,0.0,0.0,36.8331413269043,615540.75,85.45874786376953,266665.71875,20.01839256286621,0.0,0.0,0.0,0.0,727979.0,0.0,6329.0,0.0,0.0,0.0,0.0,1.4976043701171875
2001-08-01,283.1388244628906,276.39984130859375,276.9216613769531,283.1388244628906,276.39984130859375,276.9216613769531,9856403456.0,0.0,0.0,0.0,0.0,0.0,105.01972961425781,184.0,184.0308380126953,98375336.0,1140834.5,0.0,1216663.5,1140834.5,770332992.0,790044032.0,1140834.5,10863.048828125,10632.2578125,0.0,3.0,5.0,53567400.0,534648.5625,6200.1875,6200.1875,6611.193359375,0.0,4186592.25,4186592.25,4292542.0,0.0,271.8642578125,15488.7021484375,14800.03515625,7784656.5,0.4292405843734741,0.37819480895996094,0.004087237641215324,349535808.0,15000.0,15000.0,5614951.0,5614951.0,97204.828125,4662.86181640625,4021.06494140625,1025054.0625,858961.0,0.0,0.0,0.0,0.0,0.0,0.0,105.01972961425781,0.0,184.0,0.0,184.0308380126953,0.0,98375336.0,0.0,1140834.5,0.0,0.0,0.0,1216663.5,0.0,1140834.5,0.0,770332992.0,0.0,0.0,0.0,790044032.0,0.0,770333056.0,0.0,10863.048828125,0.0,5211646.5,0.0,0.0,0.0,0.0,534648.5625,0.0,6200.1875,0.0,6200.1875,0.0,6611.193359375,0.0,0.0,0.0,4186592.25,0.0,4186592.25,0.0,4292542.0,0.0,0.0,0.0,0.0,15488.7021484375,14800.03515625,0.0,7784656.5,0.0,0.4292405843734741,0.0,0.37819480895996094,0.0,0.004087237641215324,0.0,0.0,15000.0,0.0,15000.0,97204.828125,0.0,4662.86181640625,0.0,4021.06494140625,0.0,1025054.0625,0.0,858961.0,0.0,3742305024.0,5097034.0,3728250624.0,10467977.0,2369206272.0,1076971.125,1501.1756591796875,453.4680480957031,115.77989959716797,69.94763946533203,76.42959594726562,33.9557991027832,3742303488.0,5096580.5,3728250368.0,10467907.0,2369206272.0,1076937.25,217641.0,0.0,474522.53125,0.0,448670.96875,0.0,107065616.0,0.0,365853696.0,0.0,297413728.0,0.0,20338614.0,27696.744140625,20262230.0,56887.109375,12876119.0,5852.22412109375,0.0,0.0,0.0,0.0,0.0,0.0,20338614.0,27696.744140625,20262230.0,56887.109375,12876119.0,5852.22412109375,272.55218505859375,281.83154296875,271.40093994140625,271.8971862792969,271.4852294921875,272.6082458496094,41.71000289916992,0.06857143342494965,266.8675231933594,248.9244842529297,267.9492492675781,267.8474426269531,266.3951110839844,313.9132995605469,301.2532958984375,292.2926025390625,268.4311828613281,268.89752197265625,269.4285583496094,273.48907470703125,267.5312805175781,293.3844909667969,283.249755859375,285.6311340332031,268.2323303222656,267.4842834472656,269.256103515625,273.02734375,267.44317626953125,294.96429443359375,284.83087158203125,286.35791015625,267.9463195800781,265.6560974121094,269.03717041015625,272.4359130859375,267.31292724609375,296.97503662109375,286.97528076171875,287.1644592285156,0.0,0.0,0.0,0.0,0.0,0.0,0.0,0.0,0.0,0.0,0.0,0.0,0.0,0.0,0.0,0.0,0.0,0.0,0.0,0.0,0.0,0.0,0.0,0.0,0.0,0.0,0.0,0.0,0.0,0.0,0.0,0.0,0.0,0.0,0.0,0.0,0.0,0.0,0.0,0.0,184.0,184.0,184.0,184.0,184.0,0.0,0.0,0.0,184.0095672607422,184.41981506347656,184.0093536376953,184.03741455078125,184.001953125,0.0,0.0,0.0,365425.75,141372.703125,177002.03125,174422.515625,282611.5,0.0,0.0,0.0,365443.0,45004.390625,177017.0,346572.09375,282627.0,0.0,0.0,0.0,326464896.0,94079528.0,232406160.0,58306712.0,59075660.0,0.0,0.0,0.0,326506496.0,77770720.0,232448032.0,94229160.0,59089636.0,0.0,0.0,0.0,1986.05419921875,3844.63037109375,962.04638671875,2534.270751953125,1536.04736328125,0.0,0.0,0.0,5.0,5.0,5.0,5.0,5.0,2.0,2.0,2.0,0.0,0.0,0.0,0.0,0.0,0.0,0.0,0.0,1986.0096435546875,768.3298950195312,961.9675903320312,947.9484252929688,1535.9320068359375,0.0,0.0,0.0,1986.0,244.0323028564453,962.0,1883.1610107421875,1536.0,0.0,0.0,0.0,1774265.75,511301.78125,1263077.0,316884.3125,321063.375,0.0,0.0,0.0,1774160.0,422361.0,1263013.0,511982.03125,321026.0,0.0,0.0,0.0,1859.7943115234375,45.752479553222656,889.4114990234375,315.1452331542969,1702.2337646484375,295.4100036621094,351.4376220703125,988.9443969726562,0.0,0.0,0.0,0.0,0.0,0.0,0.0,0.0,3198.468017578125,4413.904296875,1549.3076171875,3164.65380859375,2473.70166015625,0.0,0.0,0.0,2.247180418635253e-05,0.8001550436019897,8.191797678591684e-05,0.6259482502937317,7.50962644815445e-05,0.0,0.0,0.0,0.0,0.9410210251808167,0.0,0.06340448558330536,0.0,0.0,0.0,0.0,0.0,0.0,0.0,0.0,0.0,5000.0,5000.0,5000.0,0.0,0.0,0.0,0.0,0.0,5000.0,5000.0,5000.0,0.0,0.0,0.0,0.0,0.0,2729983.0,2124990.0,759978.0,0.0,0.0,0.0,0.0,0.0,2729983.0,2124990.0,759978.0,0.04463022202253342,3076.300537109375,0.07880889624357224,1586.3223876953125,0.11535142362117767,0.0,0.0,0.0,0.0,3893.5810546875,0.0,127.48390197753906,0.0,0.0,0.0,0.0,38.21592712402344,710202.1875,87.88285064697266,314702.1875,23.57883071899414,0.0,0.0,0.0,0.0,848680.0,0.0,10281.0009765625,0.0,0.0,0.0,0.0,1.5824778079986572
2001-09-01,283.53515625,276.8128662109375,277.3410949707031,283.53515625,276.8128662109375,277.3410949707031,9821151232.0,0.0,0.0,0.0,0.0,0.0,103.38172149658203,184.0,184.08834838867188,98010272.0,1131348.0,0.0,1204614.875,1131347.875,805585280.0,827387072.0,1131348.0,10943.404296875,10720.0966796875,0.0,3.0,5.0,53375812.0,532664.5,6148.6298828125,6148.6298828125,6543.677734375,0.0,4378181.0,4378181.0,4495396.0,0.0,272.17236328125,15488.4853515625,14852.24609375,8245090.5,0.4381428360939026,0.3895878195762634,0.004238107707351446,349853696.0,15000.0,15000.0,6079951.0,6079951.0,101304.8515625,4794.7744140625,4176.41943359375,1172162.5,988430.0,0.0,0.0,0.0,0.0,0.0,0.0,103.38172149658203,0.0,184.0,0.0,184.08834838867188,0.0,98010272.0,0.0,1131348.0,0.0,0.0,0.0,1204614.875,0.0,1131347.875,0.0,805585280.0,0.0,0.0,0.0,827387072.0,0.0,805585344.0,0.0,10943.404296875,0.0,5550343.5,0.0,0.0,0.0,0.0,532664.5,0.0,6148.6298828125,0.0,6148.6298828125,0.0,6543.677734375,0.0,0.0,0.0,4378181.0,0.0,4378181.0,0.0,4495396.0,0.0,0.0,0.0,0.0,15488.4853515625,14852.24609375,0.0,8245090.5,0.0,0.4381428360939026,0.0,0.3895878195762634,0.0,0.004238107707351446,0.0,0.0,15000.0,0.0,15000.0,101304.8515625,0.0,4794.7744140625,0.0,4176.41943359375,0.0,1172162.5,0.0,988430.0,0.0,3732017408.0,5158966.5,3718382080.0,10405485.0,2354107904.0,1079595.25,1439.96630859375,461.953369140625,106.36763000488281,64.72087097167969,48.14531707763672,31.31987762451172,3732015872.0,5158504.5,3718382080.0,10405420.0,2354107904.0,1079564.0,219371.09375,0.0,472737.84375,0.0,439239.0,0.0,113908176.0,0.0,380576736.0,0.0,311100448.0,0.0,20282704.0,28033.333984375,20208598.0,56547.4921875,12794062.0,5866.4951171875,0.0,0.0,0.0,0.0,0.0,0.0,20282704.0,28033.333984375,20208598.0,56547.4921875,12794062.0,5866.4951171875,272.85418701171875,282.1877746582031,271.71405029296875,272.2359313964844,271.7933044433594,272.9239807128906,43.76000213623047,0.0657142922282219,267.15789794921875,248.7129364013672,268.3246765136719,268.5522766113281,266.5762023925781,314.2747802734375,301.38250732421875,292.53265380859375,268.7270812988281,269.0350036621094,269.7749938964844,273.92022705078125,267.7796630859375,293.7462463378906,283.5270690917969,285.87408447265625,268.5274353027344,267.60528564453125,269.60589599609375,273.4794921875,267.68621826171875,295.3259582519531,285.09564208984375,286.59954833984375,268.24005126953125,265.7564697265625,269.3912658691406,272.91522216796875,267.5475158691406,297.3367919921875,287.22210693359375,287.40423583984375,0.0,0.0,0.0,0.0,0.0,0.0,0.0,0.0,0.0,0.0,0.0,0.0,0.0,0.0,0.0,0.0,0.0,0.0,0.0,0.0,0.0,0.0,0.0,0.0,0.0,0.0,0.0,0.0,0.0,0.0,0.0,0.0,0.0,0.0,0.0,0.0,0.0,0.0,0.0,0.0,184.0,184.0,184.0,184.0,184.0,0.0,0.0,0.0,184.0542449951172,184.39657592773438,184.18789672851562,184.045654296875,184.0770721435547,0.0,0.0,0.0,366384.03125,139731.609375,173406.640625,153336.015625,298489.625,0.0,0.0,0.0,366452.0,40650.51953125,173505.0,325434.3125,298573.0,0.0,0.0,0.0,337822816.0,98479216.0,237781776.0,63172652.0,68328848.0,0.0,0.0,0.0,337866496.0,79030888.0,237826688.0,104317624.0,68345400.0,0.0,0.0,0.0,1991.262451171875,3942.77685546875,942.5059814453125,2444.5068359375,1622.3519287109375,0.0,0.0,0.0,5.0,5.0,5.0,5.0,5.0,2.0,2.0,2.0,0.0,0.0,0.0,0.0,0.0,0.0,0.0,0.0,1991.2176513671875,759.4109497070312,942.4273681640625,833.347900390625,1622.226318359375,0.0,0.0,0.0,1991.0,220.45159912109375,942.0,1768.2259521484375,1622.0,0.0,0.0,0.0,1835993.5,535213.125,1292292.25,343329.625,371352.4375,0.0,0.0,0.0,1835881.0,429195.0,1292215.0,566797.0,371308.0,0.0,0.0,0.0,1858.914306640625,44.4032096862793,888.6419067382812,299.42681884765625,1700.810791015625,295.4148254394531,354.3508605957031,988.9622192382812,0.0,0.0,0.0,0.0,0.0,0.0,0.0,0.0,3206.564697265625,4509.93701171875,1517.70068359375,3005.593017578125,2612.4501953125,0.0,0.0,0.0,2.2501846615341492e-05,0.807391881942749,8.340040949406102e-05,0.6590936779975891,7.748919597361237e-05,0.0,0.0,0.0,0.0,0.9480552673339844,0.0,0.07959027588367462,0.0,0.0,0.0,0.0,0.0,0.0,0.0,0.0,0.0,5000.0,5000.0,5000.0,0.0,0.0,0.0,0.0,0.0,5000.0,5000.0,5000.0,0.0,0.0,0.0,0.0,0.0,2884983.0,2279990.0,914978.0,0.0,0.0,0.0,0.0,0.0,2884983.0,2279990.0,914978.0,0.044807083904743195,3183.365966796875,0.07860538363456726,1611.1590576171875,0.1257147490978241,0.0,0.0,0.0,0.0,4023.51611328125,0.0,152.9031982421875,0.0,0.0,0.0,0.0,39.60416793823242,808309.25,90.30095672607422,363695.90625,27.41944694519043,0.0,0.0,0.0,0.0,973409.0,0.0,15021.0,0.0,0.0,0.0,0.0,1.6673511266708374
2001-10-01,283.8782653808594,277.17999267578125,277.7122802734375,283.8782653808594,277.17999267578125,277.7122802734375,9787463680.0,0.0,0.0,0.0,0.0,0.0,101.69944763183594,184.0,184.08433532714844,97743896.0,1118229.25,0.0,1190271.0,1118229.125,839273344.0,863095232.0,1118229.25,10995.4306640625,10775.900390625,0.0,3.0,5.0,53192724.0,531216.8125,6077.3330078125,6077.3330078125,6465.900390625,0.0,4561268.0,4561268.0,4689373.0,0.0,272.4724426269531,15488.271484375,14863.83203125,8691019.0,0.44728562235832214,0.3999665677547455,0.004398112650960684,350157376.0,15000.0,15000.0,6529951.0,6529951.0,104888.3359375,4918.09814453125,4309.99951171875,1318509.75,1117730.0,0.0,0.0,0.0,0.0,0.0,0.0,101.69944763183594,0.0,184.0,0.0,184.08433532714844,0.0,97743896.0,0.0,1118229.25,0.0,0.0,0.0,1190271.0,0.0,1118229.125,0.0,839273344.0,0.0,0.0,0.0,863095232.0,0.0,839273408.0,0.0,10995.4306640625,0.0,5879778.0,0.0,0.0,0.0,0.0,531216.8125,0.0,6077.3330078125,0.0,6077.3330078125,0.0,6465.900390625,0.0,0.0,0.0,4561268.0,0.0,4561268.0,0.0,4689373.0,0.0,0.0,0.0,0.0,15488.271484375,14863.83203125,0.0,8691019.0,0.0,0.44728562235832214,0.0,0.3999665677547455,0.0,0.004398112650960684,0.0,0.0,15000.0,0.0,15000.0,104888.3359375,0.0,4918.09814453125,0.0,4309.99951171875,0.0,1318509.75,0.0,1117730.0,0.0,3722498816.0,5215285.0,3708709632.0,10352379.0,2339605248.0,1082004.625,1552.753173828125,458.1881103515625,103.5526123046875,64.83829498291016,37.449668884277344,30.648529052734375,3722497280.0,5214827.0,3708709632.0,10352314.0,2339605248.0,1081974.0,219502.25,0.0,467154.90625,0.0,431572.0,0.0,120528152.0,0.0,394645856.0,0.0,324099392.0,0.0,20230972.0,28339.4140625,20156030.0,56258.87109375,12715243.0,5879.59228515625,0.0,0.0,0.0,0.0,0.0,0.0,20230972.0,28339.4140625,20156030.0,56258.87109375,12715243.0,5879.59228515625,273.14263916015625,282.4986877441406,272.0215148925781,272.5471496582031,272.098388671875,273.2128601074219,45.810001373291016,0.04333333671092987,267.4832763671875,248.55355834960938,268.7227478027344,269.0969543457031,266.78515625,314.5931091308594,301.52801513671875,292.754638671875,269.0355224609375,269.1692810058594,270.1287536621094,274.2922058105469,268.0397033691406,294.0647888183594,283.80230712890625,286.0986328125,268.83782958984375,267.7272644042969,269.9648132324219,273.8639221191406,267.94189453125,295.64447021484375,285.3599853515625,286.8229675292969,268.55291748046875,265.86285400390625,269.7567138671875,273.3155822753906,267.7961730957031,297.6553649902344,287.470703125,287.62603759765625,0.0,0.0,0.0,0.0,0.0,0.0,0.0,0.0,0.0,0.0,0.0,0.0,0.0,0.0,0.0,0.0,0.0,0.0,0.0,0.0,0.0,0.0,0.0,0.0,0.0,0.0,0.0,0.0,0.0,0.0,0.0,0.0,0.0,0.0,0.0,0.0,0.0,0.0,0.0,0.0,184.0,184.0,184.0,184.0,184.0,0.0,0.0,0.0,184.08897399902344,184.5224609375,184.00328063964844,184.0517120361328,184.10302734375,0.0,0.0,0.0,362003.46875,138490.15625,167983.96875,139830.71875,309920.90625,0.0,0.0,0.0,362103.0,37427.30078125,167995.0,312716.1875,310029.5,0.0,0.0,0.0,348682912.0,102688288.0,242821296.0,67454336.0,77626496.0,0.0,0.0,0.0,348729600.0,80153704.0,242866544.0,113699112.0,77646288.0,0.0,0.0,0.0,1967.4544677734375,4028.54052734375,913.0338134765625,2401.907958984375,1684.4940185546875,0.0,0.0,0.0,5.0,5.0,5.0,5.0,5.0,2.0,2.0,2.0,0.0,0.0,0.0,0.0,0.0,0.0,0.0,0.0,1967.41015625,752.6638793945312,912.9563598632812,759.9495849609375,1684.352783203125,0.0,0.0,0.0,1967.0,202.8332977294922,913.0,1699.0670166015625,1684.0,0.0,0.0,0.0,1895015.875,558088.5,1319680.875,366599.65625,421883.125,0.0,0.0,0.0,1894891.0,435280.0,1319605.0,617769.0625,421828.0,0.0,0.0,0.0,1857.97900390625,43.340843200683594,887.8683471679688,287.89501953125,1697.9111328125,295.4190673828125,356.94476318359375,988.9789428710938,0.0,0.0,0.0,0.0,0.0,0.0,0.0,0.0,3167.9443359375,4594.44091796875,1470.110595703125,2919.067626953125,2712.26904296875,0.0,0.0,0.0,2.252937338198535e-05,0.8131670951843262,8.482329576509073e-05,0.6836058497428894,8.380559302167967e-05,0.0,0.0,0.0,0.0,0.9532174468040466,0.0,0.09442677348852158,0.0,0.0,0.0,0.0,0.0,0.0,0.0,0.0,0.0,5000.0,5000.0,5000.0,0.0,0.0,0.0,0.0,0.0,5000.0,5000.0,5000.0,0.0,0.0,0.0,0.0,0.0,3034983.0,2429990.0,1064978.0,0.0,0.0,0.0,0.0,0.0,3034983.0,2429990.0,1064978.0,0.04432551562786102,3275.876708984375,0.07744653522968292,1641.95849609375,0.14117002487182617,0.0,0.0,0.0,0.0,4132.8330078125,0.0,177.1667022705078,0.0,0.0,0.0,0.0,40.9332389831543,906123.8125,92.60758209228516,412220.84375,31.497541427612305,0.0,0.0,0.0,0.0,1097394.0,0.0,20336.001953125,0.0,0.0,0.0,0.0,1.7494866847991943
2001-11-01,284.24456787109375,277.57269287109375,278.10809326171875,284.24456787109375,277.57269287109375,278.10809326171875,9753214976.0,0.0,0.0,0.0,0.0,0.0,99.88228607177734,184.0,184.0794219970703,97539128.0,1100558.5,0.0,1170988.625,1100558.5,873521984.0,899395904.0,1100558.5,11018.5546875,10804.033203125,0.0,3.0,5.0,53006588.0,530104.0,5981.2958984375,5981.2958984375,6361.3232421875,0.0,4747402.0,4747402.0,4886574.0,0.0,272.8080139160156,15488.0419921875,14831.2373046875,9150803.0,0.45716148614883423,0.41120851039886475,0.004577002488076687,350467328.0,15000.0,15000.0,6994951.0,6994951.0,108200.28125,5037.2587890625,4442.71044921875,1473552.125,1255454.0,0.0,0.0,0.0,0.0,0.0,0.0,99.88228607177734,0.0,184.0,0.0,184.0794219970703,0.0,97539128.0,0.0,1100558.5,0.0,0.0,0.0,1170988.625,0.0,1100558.5,0.0,873521984.0,0.0,0.0,0.0,899395904.0,0.0,873522048.0,0.0,11018.5546875,0.0,6220954.5,0.0,0.0,0.0,0.0,530104.0,0.0,5981.2958984375,0.0,5981.2958984375,0.0,6361.3232421875,0.0,0.0,0.0,4747402.0,0.0,4747402.0,0.0,4886574.0,0.0,0.0,0.0,0.0,15488.0419921875,14831.2373046875,0.0,9150803.0,0.0,0.45716148614883423,0.0,0.41120851039886475,0.0,0.004577002488076687,0.0,0.0,15000.0,0.0,15000.0,108200.28125,0.0,5037.2587890625,0.0,4442.71044921875,0.0,1473552.125,0.0,1255454.0,0.0,3713139712.0,5269826.5,3698726656.0,10303165.0,2324690944.0,1084253.875,1630.611328125,465.7241516113281,104.27130126953125,65.03337097167969,35.76142120361328,30.92957878112793,3713138176.0,5269361.0,3698726656.0,10303100.0,2324690944.0,1084223.0,218864.328125,0.0,457994.34375,0.0,423699.78125,0.0,127344088.0,0.0,408895392.0,0.0,337282592.0,0.0,20180108.0,28635.8359375,20101776.0,55991.40234375,12634187.0,5891.81689453125,0.0,0.0,0.0,0.0,0.0,0.0,20180108.0,28635.8359375,20101776.0,55991.40234375,12634187.0,5891.81689453125,273.4621887207031,282.8277587890625,272.3664855957031,272.877685546875,272.44268798828125,273.5182800292969,47.80000305175781,0.0657142922282219,267.8842468261719,248.37718200683594,269.1721496582031,269.6610412597656,267.03778076171875,314.9298095703125,301.7173156738281,292.99224853515625,269.3996276855469,269.3115539550781,270.5255432128906,274.6912841796875,268.343505859375,294.40179443359375,284.1142272949219,286.3389892578125,269.20623779296875,267.8570861816406,270.36767578125,274.27484130859375,268.24102783203125,295.98138427734375,285.6617126464844,287.06207275390625,268.92706298828125,265.97613525390625,270.1672668457031,273.7416076660156,268.0877380371094,297.9923400878906,287.757568359375,287.8634338378906,0.0,0.0,0.0,0.0,0.0,0.0,0.0,0.0,0.0,0.0,0.0,0.0,0.0,0.0,0.0,0.0,0.0,0.0,0.0,0.0,0.0,0.0,0.0,0.0,0.0,0.0,0.0,0.0,0.0,0.0,0.0,0.0,0.0,0.0,0.0,0.0,0.0,0.0,0.0,0.0,184.0,184.0,184.0,184.0,184.0,0.0,0.0,0.0,184.0897216796875,184.54412841796875,184.0426025390625,184.02137756347656,184.09075927734375,0.0,0.0,0.0,352802.1875,137773.125,161557.5625,128029.1875,320396.40625,0.0,0.0,0.0,352900.0,34878.83984375,161589.40625,301118.40625,320502.0,0.0,0.0,0.0,359619776.0,107010664.0,247829584.0,71503136.0,87558840.0,0.0,0.0,0.0,359669472.0,81234952.0,247875808.0,123033784.0,87581848.0,0.0,0.0,0.0,1917.4464111328125,4117.6630859375,878.1060180664062,2363.88037109375,1741.458984375,0.0,0.0,0.0,5.0,5.0,5.0,5.0,5.0,2.0,2.0,2.0,0.0,0.0,0.0,0.0,0.0,0.0,0.0,0.0,1917.4031982421875,748.7670288085938,878.0302734375,695.810791015625,1741.2847900390625,0.0,0.0,0.0,1917.0,189.0,878.0,1636.322998046875,1741.0,0.0,0.0,0.0,1954455.375,581579.6875,1346899.875,388604.03125,475863.25,0.0,0.0,0.0,1954318.0,441139.0,1346823.0,668495.0625,475799.0,0.0,0.0,0.0,1856.86376953125,42.41389083862305,887.0280151367188,278.90716552734375,1691.35986328125,295.4235534667969,359.43499755859375,988.9967041015625,0.0,0.0,0.0,0.0,0.0,0.0,0.0,0.0,3087.12744140625,4684.046875,1413.736083984375,2842.62060546875,2803.7060546875,0.0,0.0,0.0,2.2554833776666783e-05,0.8181573152542114,8.627080387668684e-05,0.7056488990783691,0.00010002026829170063,0.0,0.0,0.0,0.0,0.9573391675949097,0.0,0.10960154235363007,0.0,0.0,0.0,0.0,0.0,0.0,0.0,0.0,0.0,5000.0,5000.0,5000.0,0.0,0.0,0.0,0.0,0.0,5000.0,5000.0,5000.0,0.0,0.0,0.0,0.0,0.0,3189983.0,2584990.0,1219978.0,0.0,0.0,0.0,0.0,0.0,3189983.0,2584990.0,1219978.0,0.043247684836387634,3368.896240234375,0.07575491070747375,1668.069580078125,0.17418119311332703,0.0,0.0,0.0,0.0,4241.291015625,0.0,201.41940307617188,0.0,0.0,0.0,0.0,42.273250579833984,1010122.9375,94.93898010253906,463255.5625,36.46782684326172,0.0,0.0,0.0,0.0,1228874.0,0.0,26580.001953125,0.0,0.0,0.0,0.0,1.8343600034713745
2001-12-01,284.579833984375,277.927978515625,278.4661865234375,284.579833984375,277.927978515625,278.4661865234375,9720355840.0,0.0,0.0,0.0,0.0,0.0,98.5322494506836,184.0,184.0808563232422,97370048.0,1091755.0,0.0,1160353.625,1091755.0,906381376.0,934206464.0,1091755.0,11080.1796875,10871.2998046875,0.0,3.0,5.0,52828008.0,529185.0625,5933.451171875,5933.451171875,6303.49951171875,0.0,4925985.5,4925985.5,5075679.0,0.0,273.1094665527344,15487.8271484375,14866.3037109375,9596805.0,0.4644986391067505,0.42017054557800293,0.00471417885273695,350763808.0,15000.0,15000.0,7444951.0,7444951.0,111080.59375,5146.728515625,4567.7998046875,1627050.5,1392488.0,0.0,0.0,0.0,0.0,0.0,0.0,98.5322494506836,0.0,184.0,0.0,184.0808563232422,0.0,97370048.0,0.0,1091755.0,0.0,0.0,0.0,1160353.625,0.0,1091755.0,0.0,906381376.0,0.0,0.0,0.0,934206464.0,0.0,906381440.0,0.0,11080.1796875,0.0,6553036.0,0.0,0.0,0.0,0.0,529185.0625,0.0,5933.451171875,0.0,5933.451171875,0.0,6303.49951171875,0.0,0.0,0.0,4925985.5,0.0,4925985.5,0.0,5075679.0,0.0,0.0,0.0,0.0,15487.8271484375,14866.3037109375,0.0,9596805.0,0.0,0.4644986391067505,0.0,0.42017054557800293,0.0,0.00471417885273695,0.0,0.0,15000.0,0.0,15000.0,111080.59375,0.0,5146.728515625,0.0,4567.7998046875,0.0,1627050.5,0.0,1392488.0,0.0,3704451840.0,5319561.0,3689096448.0,10259618.0,2310141440.0,1086314.375,1698.8187255859375,471.1866149902344,100.7764892578125,63.59046173095703,29.262866973876953,29.85552215576172,3704450304.0,5319090.0,3689096448.0,10259554.0,2310141440.0,1086284.5,220041.421875,0.0,451550.46875,0.0,420163.09375,0.0,133970024.0,0.0,422484704.0,0.0,349926656.0,0.0,20132892.0,28906.130859375,20049436.0,55754.73046875,12555114.0,5903.015625,0.0,0.0,0.0,0.0,0.0,0.0,20132892.0,28906.130859375,20049436.0,55754.73046875,12555114.0,5903.015625,273.7510986328125,283.1343688964844,272.67572021484375,273.18096923828125,272.74993896484375,273.79833984375,49.70000076293945,0.10333333909511566,268.23052978515625,248.16014099121094,269.563232421875,270.1700744628906,267.2333068847656,315.24169921875,301.89007568359375,293.2096252441406,269.71893310546875,269.4306335449219,270.879150390625,275.0516662597656,268.603759765625,294.71392822265625,284.3956604003906,286.5590515136719,269.5286560058594,267.9626770019531,270.7256774902344,274.6458435058594,268.4954528808594,296.29345703125,285.9341125488281,287.2809753417969,269.2535705566406,266.06378173828125,270.53082275390625,274.1259765625,268.3327331542969,298.3044738769531,288.01678466796875,288.08062744140625,0.0,0.0,0.0,0.0,0.0,0.0,0.0,0.0,0.0,0.0,0.0,0.0,0.0,0.0,0.0,0.0,0.0,0.0,0.0,0.0,0.0,0.0,0.0,0.0,0.0,0.0,0.0,0.0,0.0,0.0,0.0,0.0,0.0,0.0,0.0,0.0,0.0,0.0,0.0,0.0,184.0,184.0,184.0,184.0,184.0,0.0,0.0,0.0,184.09414672851562,184.456298828125,184.0887451171875,184.05702209472656,184.04698181152344,0.0,0.0,0.0,345997.0,137601.75,156977.953125,118316.7421875,332861.59375,0.0,0.0,0.0,346097.0,33066.87109375,157027.703125,291221.09375,332941.0,0.0,0.0,0.0,369999712.0,111181408.0,252538912.0,75116536.0,97544784.0,0.0,0.0,0.0,370052384.0,82226952.0,252586640.0,131770416.0,97570080.0,0.0,0.0,0.0,1880.4609375,4206.48974609375,853.2158813476562,2330.74267578125,1809.270751953125,0.0,0.0,0.0,5.0,5.0,5.0,5.0,5.0,2.0,2.0,2.0,0.0,0.0,0.0,0.0,0.0,0.0,0.0,0.0,1880.41845703125,747.8355712890625,853.1410522460938,643.0257568359375,1809.030517578125,0.0,0.0,0.0,1880.0,179.26669311523438,853.0,1582.2330322265625,1809.0,0.0,0.0,0.0,2010868.0,604246.75,1372494.125,408242.0625,530134.6875,0.0,0.0,0.0,2010718.0,446517.0,1372413.0,715962.0625,530069.0,0.0,0.0,0.0,1855.889404296875,41.64688491821289,886.2639770507812,272.1666259765625,1679.2327880859375,295.4277038574219,361.6714172363281,989.01318359375,0.0,0.0,0.0,0.0,0.0,0.0,0.0,0.0,3027.307861328125,4775.0673828125,1373.5391845703125,2777.80419921875,2912.58544921875,0.0,0.0,0.0,2.2579557480639778e-05,0.8222185969352722,8.766454993747175e-05,0.7241111993789673,0.0001328359794570133,0.0,0.0,0.0,0.0,0.9603748917579651,0.0,0.12352975457906723,0.0,0.0,0.0,0.0,0.0,0.0,0.0,0.0,0.0,5000.0,5000.0,5000.0,0.0,0.0,0.0,0.0,0.0,5000.0,5000.0,5000.0,0.0,0.0,0.0,0.0,0.0,3339983.0,2734990.0,1369978.0,0.0,0.0,0.0,0.0,0.0,3339983.0,2734990.0,1369978.0,0.04245997592806816,3458.654052734375,0.07479678839445114,1687.7169189453125,0.24033626914024353,0.0,0.0,0.0,0.0,4344.7998046875,0.0,223.0,0.0,0.0,0.0,0.0,43.54644775390625,1113519.875,97.16755676269531,513347.15625,42.83164978027344,0.0,0.0,0.0,0.0,1359218.0,0.0,33270.00390625,0.0,0.0,0.0,0.0,1.9164955615997314
2002-01-01,284.88482666015625,278.2535095214844,278.79412841796875,284.88482666015625,278.2535095214844,278.79412841796875,9686518784.0,0.0,0.0,0.0,0.0,0.0,97.51380157470703,184.0,184.06747436523438,97202800.0,1088262.75,0.0,1155516.25,1088262.75,940218304.0,970027520.0,1088262.75,11160.08984375,10955.35546875,0.0,3.0,5.0,52644108.0,528276.0625,5914.4716796875,5914.4716796875,6277.677734375,0.0,5109882.0,5109882.0,5270287.0,0.0,273.3787536621094,15487.638671875,14937.0439453125,10059866.0,0.4700336754322052,0.42697635293006897,0.004820175468921661,351067072.0,15000.0,15000.0,7909951.0,7909951.0,113823.703125,5245.61767578125,4677.677734375,1788810.875,1537496.0,0.0,0.0,0.0,0.0,0.0,0.0,97.51380157470703,0.0,184.0,0.0,184.06747436523438,0.0,97202800.0,0.0,1088262.75,0.0,0.0,0.0,1155516.25,0.0,1088262.75,0.0,940218304.0,0.0,0.0,0.0,970027520.0,0.0,940218368.0,0.0,11160.08984375,0.0,6898693.0,0.0,0.0,0.0,0.0,528276.0625,0.0,5914.4716796875,0.0,5914.4716796875,0.0,6277.677734375,0.0,0.0,0.0,5109882.0,0.0,5109882.0,0.0,5270287.0,0.0,0.0,0.0,0.0,15487.638671875,14937.0439453125,0.0,10059866.0,0.0,0.4700336754322052,0.0,0.42697635293006897,0.0,0.004820175468921661,0.0,0.0,15000.0,0.0,15000.0,113823.703125,0.0,5245.61767578125,0.0,4677.677734375,0.0,1788810.875,0.0,1537496.0,0.0,3695780352.0,5368403.0,3679143168.0,10218110.0,2294920192.0,1088253.75,1710.13818359375,467.9216613769531,99.80746459960938,67.69104766845703,25.935749053955078,32.01271438598633,3695778560.0,5367935.5,3679142912.0,10218043.0,2294920192.0,1088221.625,222096.125,0.0,445472.03125,0.0,420694.625,0.0,140874096.0,0.0,436334688.0,0.0,363009600.0,0.0,20085764.0,29171.578125,19995342.0,55529.14453125,12472390.0,5913.55322265625,0.0,0.0,0.0,0.0,0.0,0.0,20085764.0,29171.578125,19995342.0,55529.14453125,12472390.0,5913.55322265625,274.0103454589844,283.4165954589844,272.9525146484375,273.4679870605469,273.0212097167969,274.0657043457031,51.570003509521484,0.05714286118745804,268.5400085449219,248.0119171142578,269.8670959472656,270.6312255859375,267.3791198730469,315.52703857421875,302.050048828125,293.4217834472656,270.00360107421875,269.55950927734375,271.1734313964844,275.37969970703125,268.8253479003906,294.9994201660156,284.65924072265625,286.7736511230469,269.8161315917969,268.082275390625,271.0210876464844,274.9833068847656,268.7102966308594,296.57891845703125,286.18902587890625,287.4944763183594,269.544677734375,266.1705322265625,270.8277587890625,274.4751892089844,268.53662109375,298.59002685546875,288.2591247558594,288.2925720214844,0.0,0.0,0.0,0.0,0.0,0.0,0.0,0.0,0.0,0.0,0.0,0.0,0.0,0.0,0.0,0.0,0.0,0.0,0.0,0.0,0.0,0.0,0.0,0.0,0.0,0.0,0.0,0.0,0.0,0.0,0.0,0.0,0.0,0.0,0.0,0.0,0.0,0.0,0.0,0.0,184.0,184.0,184.0,184.0,184.0,0.0,0.0,0.0,184.0292510986328,184.41232299804688,184.1914825439453,184.08204650878906,184.005859375,0.0,0.0,0.0,339679.09375,137168.203125,155735.296875,109994.03125,345686.1875,0.0,0.0,0.0,339718.0,31552.359375,155826.0,282672.90625,345747.0,0.0,0.0,0.0,380529760.0,115474768.0,257366720.0,78585656.0,108261432.0,0.0,0.0,0.0,380583648.0,83205080.0,257417248.0,140533280.0,108288232.0,0.0,0.0,0.0,1846.123779296875,4283.85888671875,846.462890625,2304.4580078125,1879.185791015625,0.0,0.0,0.0,5.0,5.0,5.0,5.0,5.0,2.0,2.0,2.0,0.0,0.0,0.0,0.0,0.0,0.0,0.0,0.0,1846.08203125,745.4793701171875,846.387451171875,597.7936401367188,1878.729248046875,0.0,0.0,0.0,1846.0,171.0968017578125,846.0,1535.5810546875,1879.0,0.0,0.0,0.0,2068096.5,627580.25,1398732.125,427095.96875,588377.375,0.0,0.0,0.0,2067944.0,451821.0,1398639.0,763565.0625,588318.0,0.0,0.0,0.0,1855.019287109375,40.93792724609375,885.5841064453125,266.7435607910156,1657.5806884765625,295.4315185546875,363.8273620605469,989.0296020507812,0.0,0.0,0.0,0.0,0.0,0.0,0.0,0.0,2971.796630859375,4853.45458984375,1362.5606689453125,2724.45263671875,3024.779296875,0.0,0.0,0.0,2.2605929189012386e-05,0.825979471206665,8.91098752617836e-05,0.7405925393104553,0.00024292759189847857,0.0,0.0,0.0,0.0,0.9628428816795349,0.0,0.1371578574180603,0.0,0.0,0.0,0.0,0.0,0.0,0.0,0.0,0.0,5000.0,5000.0,5000.0,0.0,0.0,0.0,0.0,0.0,5000.0,5000.0,5000.0,0.0,0.0,0.0,0.0,0.0,3494983.0,2889990.0,1524978.0,0.0,0.0,0.0,0.0,0.0,3494983.0,2889990.0,1524978.0,0.04173334315419197,3538.3798828125,0.07542820274829865,1706.6644287109375,0.45650607347488403,0.0,0.0,0.0,0.0,4433.5810546875,0.0,244.0968017578125,0.0,0.0,0.0,0.0,44.83952713012695,1222860.125,99.4895248413086,565752.625,53.79329299926758,0.0,0.0,0.0,0.0,1496659.0,0.0,40837.00390625,0.0,0.0,0.0,0.0,2.001368999481201
2002-02-01,285.15380859375,278.5496826171875,279.0921936035156,285.15380859375,278.5496826171875,279.0921936035156,9652799488.0,0.0,0.0,0.0,0.0,0.0,96.61316680908203,184.0,184.1006317138672,97035520.0,1084799.125,0.0,1151288.125,1084799.125,973936960.0,1005717440.0,1084799.125,11228.275390625,11025.7099609375,0.0,3.0,5.0,52460856.0,527367.0,5895.6474609375,5895.6474609375,6253.58056640625,0.0,5293135.5,5293135.5,5464148.0,0.0,273.61810302734375,15487.4697265625,14995.8486328125,10524748.0,0.47492846846580505,0.43281835317611694,0.004915773868560791,351367520.0,15000.0,15000.0,8374951.0,8374951.0,116403.46875,5332.62744140625,4772.1298828125,1953361.625,1685432.125,0.0,0.0,0.0,0.0,0.0,0.0,96.61316680908203,0.0,184.0,0.0,184.1006317138672,0.0,97035520.0,0.0,1084799.125,0.0,0.0,0.0,1151288.125,0.0,1084799.125,0.0,973936960.0,0.0,0.0,0.0,1005717440.0,0.0,973937024.0,0.0,11228.275390625,0.0,7246497.0,0.0,0.0,0.0,0.0,527367.0,0.0,5895.6474609375,0.0,5895.6474609375,0.0,6253.58056640625,0.0,0.0,0.0,5293135.5,0.0,5293135.5,0.0,5464148.0,0.0,0.0,0.0,0.0,15487.4697265625,14995.8486328125,0.0,10524748.0,0.0,0.47492846846580505,0.0,0.43281835317611694,0.0,0.004915773868560791,0.0,0.0,15000.0,0.0,15000.0,116403.46875,0.0,5332.62744140625,0.0,4772.1298828125,0.0,1953361.625,0.0,1685432.125,0.0,3687382272.0,5414971.0,3669269504.0,10180114.0,2279462912.0,1090134.25,1757.1839599609375,459.5448913574219,98.24785614013672,71.12202453613281,26.747364044189453,33.1674919128418,3687380480.0,5414511.5,3669269248.0,10180043.0,2279462912.0,1090101.125,223809.046875,0.0,438172.4375,0.0,422817.6875,0.0,147825392.0,0.0,449952768.0,0.0,376158848.0,0.0,20040122.0,29424.6640625,19941680.0,55322.63671875,12388383.0,5923.775390625,0.0,0.0,0.0,0.0,0.0,0.0,20040122.0,29424.6640625,19941680.0,55322.63671875,12388383.0,5923.775390625,274.23773193359375,283.6650390625,273.2012634277344,273.7311096191406,273.262451171875,274.3119201660156,53.4900016784668,0.06000000238418579,268.8355407714844,247.91383361816406,270.1017150878906,271.0458068847656,267.4951477050781,315.7775573730469,302.1985168457031,293.6188049316406,270.2679443359375,269.6864013671875,271.416748046875,275.6741027832031,269.0213623046875,295.25006103515625,284.9034729003906,286.9728698730469,270.083984375,268.2026062011719,271.263427734375,275.2861633300781,268.8994140625,296.8294982910156,286.4252014160156,287.6927185058594,269.817138671875,266.2812194824219,271.06884765625,274.78857421875,268.71441650390625,298.8407287597656,288.4837341308594,288.4894714355469,0.0,0.0,0.0,0.0,0.0,0.0,0.0,0.0,0.0,0.0,0.0,0.0,0.0,0.0,0.0,0.0,0.0,0.0,0.0,0.0,0.0,0.0,0.0,0.0,0.0,0.0,0.0,0.0,0.0,0.0,0.0,0.0,0.0,0.0,0.0,0.0,0.0,0.0,0.0,0.0,184.0,184.0,184.0,184.0,184.0,0.0,0.0,0.0,184.07376098632812,184.59024047851562,184.18629455566406,184.0499267578125,184.0856170654297,0.0,0.0,0.0,331806.28125,136598.34375,156676.921875,102976.6328125,356740.96875,0.0,0.0,0.0,331885.0,30356.16015625,156766.296875,275338.6875,356942.0,0.0,0.0,0.0,390815744.0,119746912.0,262223696.0,81829288.0,119321280.0,0.0,0.0,0.0,390872096.0,84146120.0,262277008.0,149068768.0,119353432.0,0.0,0.0,0.0,1803.3358154296875,4351.1123046875,851.5820922851562,2282.49755859375,1939.747314453125,0.0,0.0,0.0,5.0,5.0,5.0,5.0,5.0,2.0,2.0,2.0,0.0,0.0,0.0,0.0,0.0,0.0,0.0,0.0,1803.2950439453125,742.38232421875,851.5049438476562,559.6555786132812,1938.8096923828125,0.0,0.0,0.0,1803.0,164.45159912109375,851.1290283203125,1496.0,1939.0,0.0,0.0,0.0,2123998.75,650798.4375,1425128.875,444724.40625,648485.1875,0.0,0.0,0.0,2123837.0,456919.0,1425024.0,809941.0625,648427.0,0.0,0.0,0.0,1854.2044677734375,40.30857467651367,884.9800415039062,262.41180419921875,1625.27099609375,295.4348449707031,365.8428649902344,989.0452270507812,0.0,0.0,0.0,0.0,0.0,0.0,0.0,0.0,2902.713623046875,4920.98095703125,1370.7034912109375,2679.6796875,3121.7705078125,0.0,0.0,0.0,2.2632562831859104e-05,0.829380989074707,9.056929411599413e-05,0.7548056244850159,0.0004833443963434547,0.0,0.0,0.0,0.0,0.9648137092590332,0.0,0.1494387835264206,0.0,0.0,0.0,0.0,0.0,0.0,0.0,0.0,0.0,5000.0,5000.0,5000.0,0.0,0.0,0.0,0.0,0.0,5000.0,5000.0,5000.0,0.0,0.0,0.0,0.0,0.0,3649983.0,3044990.0,1679978.0,0.0,0.0,0.0,0.0,0.0,3649983.0,3044990.0,1679978.0,0.0408141128718853,3608.729736328125,0.07712718844413757,1722.8419189453125,0.9375659823417664,0.0,0.0,0.0,0.0,4509.291015625,0.0,262.8387145996094,0.0,0.0,0.0,0.0,46.10411071777344,1334411.375,101.86389923095703,618726.8125,75.478759765625,0.0,0.0,0.0,0.0,1636447.125,0.0,48985.00390625,0.0,0.0,0.0,0.0,2.086242198944092
2002-03-01,285.37310791015625,278.8001403808594,279.34405517578125,285.37310791015625,278.8001403808594,279.34405517578125,9622482944.0,0.0,0.0,0.0,0.0,0.0,95.79167938232422,184.0,184.10081481933594,96872984.0,1080425.5,0.0,1146238.0,1080425.5,1004253568.0,1037812096.0,1080425.5,11278.908203125,11078.4287109375,0.0,3.0,5.0,52296092.0,526483.625,5871.8779296875,5871.8779296875,6226.14306640625,0.0,5457900.0,5457900.0,5638480.0,0.0,273.8190612792969,15487.3330078125,15033.8193359375,10945702.0,0.47939303517341614,0.4379940629005432,0.005004537291824818,351636672.0,15000.0,15000.0,8794951.0,8794951.0,118588.7265625,5407.0302734375,4852.2861328125,2104210.5,1821296.125,0.0,0.0,0.0,0.0,0.0,0.0,95.79167938232422,0.0,184.0,0.0,184.10081481933594,0.0,96872984.0,0.0,1080425.5,0.0,0.0,0.0,1146238.0,0.0,1080425.5,0.0,1004253568.0,0.0,0.0,0.0,1037812096.0,0.0,1004253632.0,0.0,11278.908203125,0.0,7562110.5,0.0,0.0,0.0,0.0,526483.625,0.0,5871.8779296875,0.0,5871.8779296875,0.0,6226.14306640625,0.0,0.0,0.0,5457900.0,0.0,5457900.0,0.0,5638480.0,0.0,0.0,0.0,0.0,15487.3330078125,15033.8193359375,0.0,10945702.0,0.0,0.47939303517341614,0.0,0.4379940629005432,0.0,0.005004537291824818,0.0,0.0,15000.0,0.0,15000.0,118588.7265625,0.0,5407.0302734375,0.0,4852.2861328125,0.0,2104210.5,0.0,1821296.125,0.0,3680015616.0,5455185.0,3660439296.0,10148504.0,2265332736.0,1091726.125,1733.8819580078125,461.39739990234375,97.5542221069336,69.74462127685547,24.504568099975586,32.181941986083984,3680014080.0,5454723.5,3660439040.0,10148435.0,2265332736.0,1091694.0,224765.875,0.0,430748.34375,0.0,424911.34375,0.0,154126640.0,0.0,462036640.0,0.0,388090368.0,0.0,20000086.0,29643.21875,19893690.0,55150.84765625,12311588.0,5932.4287109375,0.0,0.0,0.0,0.0,0.0,0.0,20000086.0,29643.21875,19893690.0,55150.84765625,12311588.0,5932.4287109375,274.4237976074219,283.8665466308594,273.4133605957031,273.95294189453125,273.46746826171875,274.5189514160156,55.250003814697266,0.0533333346247673,269.1026916503906,247.83070373535156,270.282958984375,271.3846130371094,267.5865783691406,315.980224609375,302.3277282714844,293.7849426269531,270.5015563964844,269.7927551269531,271.6137390136719,275.9196472167969,269.1894226074219,295.45281982421875,285.113037109375,287.140869140625,270.3213806152344,268.3037109375,271.4585876464844,275.53839111328125,269.061279296875,297.0322265625,286.6280822753906,287.8598937988281,270.05950927734375,266.37432861328125,271.26171875,275.0489807128906,268.8663024902344,299.04351806640625,288.6768798828125,288.6554870605469,0.0,0.0,0.0,0.0,0.0,0.0,0.0,0.0,0.0,0.0,0.0,0.0,0.0,0.0,0.0,0.0,0.0,0.0,0.0,0.0,0.0,0.0,0.0,0.0,0.0,0.0,0.0,0.0,0.0,0.0,0.0,0.0,0.0,0.0,0.0,0.0,0.0,0.0,0.0,0.0,184.0,184.0,184.0,184.0,184.0,0.0,0.0,0.0,184.10301208496094,184.7021942138672,184.1132354736328,184.05062866210938,184.0821990966797,0.0,0.0,0.0,323367.84375,136124.734375,158460.71875,97750.3515625,364721.90625,0.0,0.0,0.0,323469.0,29460.0,158521.5,269752.5,365035.0,0.0,0.0,0.0,399870048.0,123586176.0,266660608.0,84601752.0,129534976.0,0.0,0.0,0.0,399929216.0,84971000.0,266715600.0,156621840.0,129574416.0,0.0,0.0,0.0,1757.4737548828125,4408.5439453125,861.2786865234375,2267.531494140625,1984.0804443359375,0.0,0.0,0.0,5.0,5.0,5.0,5.0,5.0,2.0,2.0,2.0,0.0,0.0,0.0,0.0,0.0,0.0,0.0,0.0,1757.4339599609375,739.808349609375,861.1995239257812,531.2518920898438,1982.184326171875,0.0,0.0,0.0,1757.0,159.5,861.0,1465.6429443359375,1983.0,0.0,0.0,0.0,2173206.75,671664.0,1449242.375,459792.125,703994.4375,0.0,0.0,0.0,2173033.0,461385.0,1449132.0,850979.0625,703951.0,0.0,0.0,0.0,1853.4798583984375,39.79023742675781,884.4659423828125,259.10784912109375,1585.274658203125,295.43756103515625,367.5527648925781,989.0587158203125,0.0,0.0,0.0,0.0,0.0,0.0,0.0,0.0,2828.73095703125,4978.69189453125,1386.2313232421875,2647.76953125,3192.39599609375,0.0,0.0,0.0,2.2656802684650756e-05,0.8321875929832458,9.190761193167418e-05,0.7657135725021362,0.0009556818404234946,0.0,0.0,0.0,0.0,0.9662961363792419,0.0,0.16010725498199463,0.0,0.0,0.0,0.0,0.0,0.0,0.0,0.0,0.0,5000.0,5000.0,5000.0,0.0,0.0,0.0,0.0,0.0,5000.0,5000.0,5000.0,0.0,0.0,0.0,0.0,0.0,3789983.0,3184990.0,1819978.0,0.0,0.0,0.0,0.0,0.0,3789983.0,3184990.0,1819978.0,0.03981873765587807,3668.7353515625,0.07915806770324707,1736.2796630859375,1.8961496353149414,0.0,0.0,0.0,0.0,4572.89306640625,0.0,279.3929138183594,0.0,0.0,0.0,0.0,47.21852111816406,1436900.25,104.06678771972656,667043.0625,116.03279876708984,0.0,0.0,0.0,0.0,1764488.125,0.0,56808.00390625,0.0,0.0,0.0,0.0,2.1629021167755127
2002-04-01,285.58917236328125,279.0562744140625,279.60137939453125,285.58917236328125,279.0562744140625,279.60137939453125,9589058560.0,0.0,0.0,0.0,0.0,0.0,94.9513168334961,184.0,184.07994079589844,96671280.0,1075752.0,0.0,1141515.25,1075752.0,1037676928.0,1073199040.0,1075752.0,11329.5107421875,11129.35546875,0.0,3.0,5.0,52114436.0,525387.375,5846.47802734375,5846.47802734375,6201.193359375,0.0,5639548.5,5639548.5,5830717.0,0.0,274.02276611328125,15487.18359375,15070.771484375,11412905.0,0.48396024107933044,0.44280749559402466,0.005096930079162121,351932320.0,15000.0,15000.0,9259951.0,9259951.0,120884.1328125,5483.03271484375,4928.162109375,2273549.25,1974069.125,0.0,0.0,0.0,0.0,0.0,0.0,94.9513168334961,0.0,184.0,0.0,184.07994079589844,0.0,96671280.0,0.0,1075752.0,0.0,0.0,0.0,1141515.25,0.0,1075752.0,0.0,1037676928.0,0.0,0.0,0.0,1073199040.0,0.0,1037676992.0,0.0,11329.5107421875,0.0,7913097.5,0.0,0.0,0.0,0.0,525387.375,0.0,5846.47802734375,0.0,5846.47802734375,0.0,6201.193359375,0.0,0.0,0.0,5639548.5,0.0,5639548.5,0.0,5830717.0,0.0,0.0,0.0,0.0,15487.18359375,15070.771484375,0.0,11412905.0,0.0,0.48396024107933044,0.0,0.44280749559402466,0.0,0.005096930079162121,0.0,0.0,15000.0,0.0,15000.0,120884.1328125,0.0,5483.03271484375,0.0,4928.162109375,0.0,2273549.25,0.0,1974069.125,0.0,3672068608.0,5497823.0,3650610176.0,10116169.0,2249672704.0,1093334.375,1841.1986083984375,466.0784912109375,96.96663665771484,68.53064727783203,25.101530075073242,32.23348617553711,3672066816.0,5497356.5,3650609920.0,10116101.0,2249672704.0,1093302.125,225974.0,0.0,423641.15625,0.0,426136.8125,0.0,161131424.0,0.0,475193472.0,0.0,401352096.0,0.0,19956896.0,29874.9453125,19840272.0,54975.1171875,12226479.0,5941.1689453125,0.0,0.0,0.0,0.0,0.0,0.0,19956896.0,29874.9453125,19840272.0,54975.1171875,12226479.0,5941.1689453125,274.6064453125,284.0653076171875,273.6321716308594,274.1842041015625,273.6785583496094,274.73480224609375,57.05000305175781,0.0714285746216774,269.3715515136719,247.78688049316406,270.4638671875,271.7136535644531,267.665771484375,316.1794128417969,302.46038818359375,293.95904541015625,270.7384948730469,269.9135437011719,271.8136901855469,276.1667175292969,269.36016845703125,295.6521301269531,285.32916259765625,287.3167419433594,270.5618591308594,268.4209899902344,271.6563415527344,275.7913818359375,269.22509765625,297.23150634765625,286.8371887207031,288.0350036621094,270.3045654296875,266.48565673828125,271.4566650390625,275.3091735839844,269.019287109375,299.2428894042969,288.8758544921875,288.8294982910156,0.0,0.0,0.0,0.0,0.0,0.0,0.0,0.0,0.0,0.0,0.0,0.0,0.0,0.0,0.0,0.0,0.0,0.0,0.0,0.0,0.0,0.0,0.0,0.0,0.0,0.0,0.0,0.0,0.0,0.0,0.0,0.0,0.0,0.0,0.0,0.0,0.0,0.0,0.0,0.0,184.0,184.0,184.0,184.0,184.0,0.0,0.0,0.0,184.08056640625,184.89476013183594,184.0018310546875,184.06813049316406,184.0589141845703,0.0,0.0,0.0,315249.53125,135383.84375,160622.96875,93235.6640625,371259.96875,0.0,0.0,0.0,315330.0,28730.259765625,160633.59375,265022.40625,371799.0,0.0,0.0,0.0,409642784.0,127816056.0,271639904.0,87530456.0,141047696.0,0.0,0.0,0.0,409704448.0,85861640.0,271695232.0,164837536.0,141100192.0,0.0,0.0,0.0,1713.3515625,4462.9482421875,873.032470703125,2258.47705078125,2021.70166015625,0.0,0.0,0.0,5.0,5.0,5.0,5.0,5.0,2.0,2.0,2.0,0.0,0.0,0.0,0.0,0.0,0.0,0.0,0.0,1713.3126220703125,735.78173828125,872.950927734375,506.715576171875,2017.71728515625,0.0,0.0,0.0,1713.0,155.38710021972656,873.0,1439.8060302734375,2020.0,0.0,0.0,0.0,2226319.5,694652.5,1476303.875,475709.0,766563.5625,0.0,0.0,0.0,2226136.0,466202.0,1476195.0,895613.0625,766571.0,0.0,0.0,0.0,1852.74658203125,39.248191833496094,883.9190673828125,256.0813903808594,1530.0006103515625,295.4402160644531,369.3441162109375,989.0731811523438,0.0,0.0,0.0,0.0,0.0,0.0,0.0,0.0,2757.543212890625,5032.43017578125,1405.0611572265625,2624.193603515625,3251.54296875,0.0,0.0,0.0,2.2684571376885287e-05,0.8351355195045471,9.341123950434849e-05,0.7756383419036865,0.001970770303159952,0.0,0.0,0.0,0.0,0.9675375819206238,0.0,0.17094197869300842,0.0,0.0,0.0,0.0,0.0,0.0,0.0,0.0,0.0,5000.0,5000.0,5000.0,0.0,0.0,0.0,0.0,0.0,5000.0,5000.0,5000.0,0.0,0.0,0.0,0.0,0.0,3944983.0,3339990.0,1974978.0,0.0,0.0,0.0,0.0,0.0,3944983.0,3339990.0,1974978.0,0.03886664658784866,3727.166748046875,0.08155104517936707,1751.7613525390625,3.984309434890747,0.0,0.0,0.0,0.0,4631.291015625,0.0,296.8710021972656,0.0,0.0,0.0,0.0,48.422733306884766,1552162.25,106.57738494873047,721023.375,208.5492706298828,0.0,0.0,0.0,0.0,1908058.125,0.0,66011.0078125,0.0,0.0,0.0,0.0,2.2477755546569824
2002-05-01,285.7952575683594,279.3106384277344,279.8564453125,285.7952575683594,279.3106384277344,279.8564453125,9556993024.0,0.0,0.0,0.0,0.0,0.0,93.95358276367188,184.0,184.0880889892578,96454472.0,1066665.125,0.0,1132282.75,1066665.125,1069742784.0,1107167488.0,1066665.125,11353.107421875,11153.3994140625,0.0,3.0,5.0,51940168.0,524209.09375,5797.0927734375,5797.0927734375,6150.76611328125,0.0,5813819.5,5813819.5,6015240.0,0.0,274.2283020019531,15487.0380859375,15066.0205078125,11864895.0,0.48938271403312683,0.4485299289226532,0.005208771210163832,352216224.0,15000.0,15000.0,9709951.0,9709951.0,123042.96875,5556.0146484375,5002.63330078125,2439671.5,2124148.0,0.0,0.0,0.0,0.0,0.0,0.0,93.95358276367188,0.0,184.0,0.0,184.0880889892578,0.0,96454472.0,0.0,1066665.125,0.0,0.0,0.0,1132282.75,0.0,1066665.125,0.0,1069742784.0,0.0,0.0,0.0,1107167488.0,0.0,1069742848.0,0.0,11353.107421875,0.0,8253491.0,0.0,0.0,0.0,0.0,524209.09375,0.0,5797.0927734375,0.0,5797.0927734375,0.0,6150.76611328125,0.0,0.0,0.0,5813819.5,0.0,5813819.5,0.0,6015240.0,0.0,0.0,0.0,0.0,15487.0380859375,15066.0205078125,0.0,11864895.0,0.0,0.48938271403312683,0.0,0.4485299289226532,0.0,0.005208771210163832,0.0,0.0,15000.0,0.0,15000.0,123042.96875,0.0,5556.0146484375,0.0,5002.63330078125,0.0,2439671.5,0.0,2124148.0,0.0,3664590592.0,5537254.0,3641049344.0,10087397.0,2234633472.0,1094710.875,1900.6348876953125,472.2922668457031,96.83915710449219,72.03923797607422,24.834291458129883,34.64705276489258,3664588800.0,5536782.0,3641049344.0,10087325.0,2234633472.0,1094676.25,226341.296875,0.0,413758.65625,0.0,426565.125,0.0,167916736.0,0.0,487622944.0,0.0,414203200.0,0.0,19916254.0,30089.24609375,19788312.0,54818.75,12144744.0,5948.6533203125,0.0,0.0,0.0,0.0,0.0,0.0,19916254.0,30089.24609375,19788312.0,54818.75,12144744.0,5948.6533203125,274.78253173828125,284.2514953613281,273.857666015625,274.40875244140625,273.8975830078125,274.9430847167969,59.000003814697266,0.06666667014360428,269.6792907714844,247.74351501464844,270.6446838378906,272.02410888671875,267.74542236328125,316.3668212890625,302.60888671875,294.12811279296875,270.9986572265625,270.0306701660156,272.0145263671875,276.4087219238281,269.5404968261719,295.83966064453125,285.5534362792969,287.4874572753906,270.82733154296875,268.53375244140625,271.8548583984375,276.0384826660156,269.3982238769531,297.4189758300781,287.0552062988281,288.2049865722656,270.5771179199219,266.5915832519531,271.6521911621094,275.56231689453125,269.1817626953125,299.4304504394531,289.084716796875,288.99847412109375,0.0,0.0,0.0,0.0,0.0,0.0,0.0,0.0,0.0,0.0,0.0,0.0,0.0,0.0,0.0,0.0,0.0,0.0,0.0,0.0,0.0,0.0,0.0,0.0,0.0,0.0,0.0,0.0,0.0,0.0,0.0,0.0,0.0,0.0,0.0,0.0,0.0,0.0,0.0,0.0,184.0,184.0,184.0,184.0,184.0,0.0,0.0,0.0,184.10922241210938,184.61163330078125,184.1316375732422,184.0506134033203,184.0392608642578,0.0,0.0,0.0,303312.09375,134829.09375,162885.890625,89723.96875,375914.09375,0.0,0.0,0.0,303412.0,28122.5,162956.5,260879.40625,376912.40625,0.0,0.0,0.0,418742144.0,131889704.0,276526496.0,90252552.0,152331904.0,0.0,0.0,0.0,418806816.0,86705312.0,276583936.0,172663920.0,152407552.0,0.0,0.0,0.0,1648.47265625,4515.890625,885.3333740234375,2252.37109375,2051.039794921875,0.0,0.0,0.0,5.0,5.0,5.0,5.0,5.0,2.0,2.0,2.0,0.0,0.0,0.0,0.0,0.0,0.0,0.0,0.0,1648.4351806640625,732.7667846679688,885.2493896484375,487.6302795410156,2043.0113525390625,0.0,0.0,0.0,1648.0,152.3332977294922,885.0,1417.4329833984375,2048.0,0.0,0.0,0.0,2275772.5,716791.875,1502861.375,490503.0,827890.75,0.0,0.0,0.0,2275576.0,470772.0,1502745.0,938136.0,828011.0,0.0,0.0,0.0,1851.9332275390625,38.7801399230957,883.3765258789062,253.63075256347656,1467.5145263671875,295.4427185058594,370.98883056640625,989.087158203125,0.0,0.0,0.0,0.0,0.0,0.0,0.0,0.0,2652.96337890625,5085.244140625,1424.7711181640625,2606.81298828125,3296.228515625,0.0,0.0,0.0,2.2711228666594252e-05,0.8377359509468079,9.488981595495716e-05,0.7835035920143127,0.003914309665560722,0.0,0.0,0.0,0.0,0.9685248136520386,0.0,0.1819039285182953,0.0,0.0,0.0,0.0,0.0,0.0,0.0,0.0,0.0,5000.0,5000.0,5000.0,0.0,0.0,0.0,0.0,0.0,5000.0,5000.0,5000.0,0.0,0.0,0.0,0.0,0.0,4094983.0,3489990.0,2124978.0,0.0,0.0,0.0,0.0,0.0,4094983.0,3489990.0,2124978.0,0.03743883967399597,3783.1240234375,0.08400912582874298,1764.7408447265625,8.02840518951416,0.0,0.0,0.0,0.0,4687.466796875,0.0,315.16668701171875,0.0,0.0,0.0,0.0,49.54531478881836,1665411.625,109.08079528808594,773709.375,391.9140625,0.0,0.0,0.0,0.0,2048682.125,0.0,75466.0078125,0.0,0.0,0.0,0.0,2.32991099357605
2002-06-01,285.99591064453125,279.5616149902344,280.1080627441406,285.99591064453125,279.5616149902344,280.1080627441406,9524066304.0,0.0,0.0,0.0,0.0,0.0,93.01314544677734,184.0,184.07992553710938,96187160.0,1059836.25,0.0,1124983.75,1059836.25,1102669440.0,1142041984.0,1059836.25,11394.4775390625,11196.2900390625,0.0,3.0,5.0,51761216.0,522756.28125,5759.9794921875,5759.9794921875,6111.38720703125,0.0,5992768.5,5992768.5,6204693.0,0.0,274.4273376464844,15486.900390625,15086.7392578125,12332592.0,0.4944937825202942,0.4541596472263336,0.0053163859993219376,352507136.0,15000.0,15000.0,10174951.0,10174951.0,125294.640625,5634.498046875,5084.9033203125,2613734.0,2281780.0,0.0,0.0,0.0,0.0,0.0,0.0,93.01314544677734,0.0,184.0,0.0,184.07992553710938,0.0,96187160.0,0.0,1059836.25,0.0,0.0,0.0,1124983.75,0.0,1059836.25,0.0,1102669440.0,0.0,0.0,0.0,1142041984.0,0.0,1102669440.0,0.0,11394.4775390625,0.0,8606503.0,0.0,0.0,0.0,0.0,522756.28125,0.0,5759.9794921875,0.0,5759.9794921875,0.0,6111.38720703125,0.0,0.0,0.0,5992768.5,0.0,5992768.5,0.0,6204693.0,0.0,0.0,0.0,0.0,15486.900390625,15086.7392578125,0.0,12332592.0,0.0,0.4944937825202942,0.0,0.4541596472263336,0.0,0.0053163859993219376,0.0,0.0,15000.0,0.0,15000.0,125294.640625,0.0,5634.498046875,0.0,5084.9033203125,0.0,2613734.0,0.0,2281780.0,0.0,3657032960.0,5576246.5,3631138816.0,10060100.0,2219161856.0,1096189.125,1928.997314453125,467.03662109375,96.98553466796875,75.18091583251953,24.948545455932617,36.212669372558594,3657031168.0,5575779.5,3631138560.0,10060025.0,2219161856.0,1096152.875,227926.0625,0.0,405942.09375,0.0,425968.0625,0.0,174966384.0,0.0,500220384.0,0.0,427482720.0,0.0,19875180.0,30301.16015625,19734448.0,54670.39453125,12060660.0,5956.6884765625,0.0,0.0,0.0,0.0,0.0,0.0,19875180.0,30301.16015625,19734448.0,54670.39453125,12060660.0,5956.6884765625,274.94757080078125,284.4345397949219,274.0794372558594,274.6324462890625,274.1131896972656,275.1505126953125,60.880001068115234,0.051428575068712234,269.96600341796875,247.68539428710938,270.8205871582031,272.3204345703125,267.7934875488281,316.5498962402344,302.7539978027344,294.2966003417969,271.2459411621094,270.14434814453125,272.2132873535156,276.6452941894531,269.70855712890625,296.0228271484375,285.7721862792969,287.6576232910156,271.0789489746094,268.64202880859375,272.05096435546875,276.2795715332031,269.5581359863281,297.6021423339844,287.2678527832031,288.3744201660156,270.83441162109375,266.6916809082031,271.8448791503906,275.8087463378906,269.330078125,299.6136779785156,289.2884216308594,289.1668395996094,0.0,0.0,0.0,0.0,0.0,0.0,0.0,0.0,0.0,0.0,0.0,0.0,0.0,0.0,0.0,0.0,0.0,0.0,0.0,0.0,0.0,0.0,0.0,0.0,0.0,0.0,0.0,0.0,0.0,0.0,0.0,0.0,0.0,0.0,0.0,0.0,0.0,0.0,0.0,0.0,184.0,184.0,184.0,184.0,184.0,0.0,0.0,0.0,184.0420379638672,184.6905975341797,184.17552185058594,184.06106567382812,184.03611755371094,0.0,0.0,0.0,293317.15625,134402.953125,165483.109375,86743.421875,379889.5625,0.0,0.0,0.0,293363.0,27685.7109375,165573.796875,257216.5,381144.6875,0.0,0.0,0.0,427834976.0,136085248.0,281656480.0,92970448.0,164122272.0,0.0,0.0,0.0,427901056.0,87563568.0,281716736.0,180637632.0,164223040.0,0.0,0.0,0.0,1594.1512451171875,4571.05224609375,899.4514770507812,2249.230224609375,2080.592529296875,0.0,0.0,0.0,5.0,5.0,5.0,5.0,5.0,2.0,2.0,2.0,0.0,0.0,0.0,0.0,0.0,0.0,0.0,0.0,1594.114990234375,730.4508666992188,899.36474609375,471.4316711425781,2064.6171875,0.0,0.0,0.0,1594.0,149.9031982421875,899.0,1397.4520263671875,2071.031982421875,0.0,0.0,0.0,2325190.25,739593.6875,1530741.75,505274.1875,891968.8125,0.0,0.0,0.0,2324990.0,475419.0,1530614.0,981457.0625,892213.0,0.0,0.0,0.0,1851.1646728515625,38.33787536621094,882.8223266601562,251.4016876220703,1398.042724609375,295.4451599121094,372.6002502441406,989.101318359375,0.0,0.0,0.0,0.0,0.0,0.0,0.0,0.0,2565.39404296875,5140.7578125,1447.4075927734375,2594.16552734375,3339.01416015625,0.0,0.0,0.0,2.2740327040082775e-05,0.8402007222175598,9.645627869758755e-05,0.7904031276702881,0.0076782177202403545,0.0,0.0,0.0,0.0,0.9693758487701416,0.0,0.19296179711818695,0.0027648338582366705,0.0,0.0,0.0,0.0,0.0,0.0,0.0,0.0,5000.0,5000.0,5000.0,0.0,0.0,0.0,0.0,0.0,5000.0,5000.0,5000.0,0.0,0.0,0.0,0.0,0.0,4249983.0,3644990.0,2279978.0,0.0,0.0,0.0,0.0,0.0,4249983.0,3644990.0,2279978.0,0.03625151887536049,3840.601318359375,0.08675774186849594,1777.7987060546875,15.975241661071777,0.0,0.0,0.0,0.0,4745.0322265625,0.0,334.1289978027344,5.741934776306152,0.0,0.0,0.0,50.66847610473633,1784223.625,111.75143432617188,828577.6875,770.3633422851562,0.0,0.0,0.0,0.0,2195778.0,0.0,85824.0078125,177.99998474121094,0.0,0.0,0.0,2.4147844314575195
2002-07-01,286.1682434082031,279.7804260253906,280.3277893066406,286.1682434082031,279.7804260253906,280.3277893066406,9492289536.0,0.0,0.0,0.0,0.0,0.0,92.28980255126953,184.0,184.08111572265625,95880352.0,1056791.0,0.0,1110101.25,1056791.0,1134445824.0,1175345024.0,1056791.0,11450.7890625,11288.5673828125,0.0,3.0,5.0,51588520.0,521088.90625,5743.4296875,5743.4296875,6030.50048828125,0.0,6165466.0,6165466.0,6385608.0,0.0,274.589111328125,15486.783203125,15134.8369140625,12786645.0,0.4984249770641327,0.4657869040966034,0.005400650668889284,352786528.0,15000.0,15000.0,10624951.0,10624951.0,127616.421875,5707.359375,5258.06689453125,2784339.75,2439522.0,0.0,0.0,0.0,0.0,0.0,0.0,92.28980255126953,0.0,184.0,0.0,184.08111572265625,0.0,95880352.0,0.0,1056791.0,0.0,0.0,0.0,1110101.25,0.0,1056791.0,0.0,1134445824.0,0.0,0.0,0.0,1175345024.0,0.0,1134445824.0,0.0,11450.7890625,0.0,8949806.0,0.0,0.0,0.0,0.0,521088.90625,0.0,5743.4296875,0.0,5743.4296875,0.0,6030.50048828125,0.0,0.0,0.0,6165466.0,0.0,6165466.0,0.0,6385608.0,0.0,0.0,0.0,0.0,15486.783203125,15134.8369140625,0.0,12786645.0,0.0,0.4984249770641327,0.0,0.4657869040966034,0.0,0.005400650668889284,0.0,0.0,15000.0,0.0,15000.0,127616.421875,0.0,5707.359375,0.0,5258.06689453125,0.0,2784339.75,0.0,2439522.0,0.0,3649821440.0,5612445.5,3621371648.0,10035674.0,2204351232.0,1097545.875,2028.0677490234375,471.1090393066406,97.50184631347656,70.23748779296875,23.59705924987793,34.05663299560547,3649819392.0,5611974.5,3621371648.0,10035604.0,2204351232.0,1097511.75,230490.578125,0.0,401718.3125,0.0,424582.15625,0.0,181863584.0,0.0,512279872.0,0.0,440302400.0,0.0,19835986.0,30497.89453125,19681366.0,54537.6484375,11980167.0,5964.06298828125,0.0,0.0,0.0,0.0,0.0,0.0,19835986.0,30497.89453125,19681366.0,54537.6484375,11980167.0,5964.06298828125,275.07342529296875,284.59259033203125,274.2652282714844,274.8321228027344,274.2926940917969,275.3366394042969,62.29000473022461,0.05666666850447655,270.178466796875,247.6543426513672,270.9613952636719,272.5898132324219,267.78076171875,316.7061767578125,302.87109375,294.44989013671875,271.43603515625,270.2511291503906,272.3777160644531,276.8516845703125,269.8261413574219,296.1791687011719,285.9560852050781,287.81243896484375,271.2713623046875,268.74468994140625,272.2126159667969,276.49090576171875,269.6668395996094,297.7584228515625,287.4461669921875,288.528564453125,271.0296936035156,266.7881164550781,272.0030517578125,276.0259704589844,269.4266662597656,299.7700500488281,289.4586486816406,289.320068359375,0.0,0.0,0.0,0.0,0.0,0.0,0.0,0.0,0.0,0.0,0.0,0.0,0.0,0.0,0.0,0.0,0.0,0.0,0.0,0.0,0.0,0.0,0.0,0.0,0.0,0.0,0.0,0.0,0.0,0.0,0.0,0.0,0.0,0.0,0.0,0.0,0.0,0.0,0.0,0.0,184.0,184.0,184.0,184.0,184.0,0.0,0.0,0.0,184.06216430664062,184.74139404296875,184.0918731689453,184.07276916503906,184.04843139648438,0.0,0.0,0.0,287445.15625,133913.609375,168180.5,83795.2265625,383456.5625,0.0,0.0,0.0,287505.09375,27317.099609375,168161.796875,253149.203125,373968.0,0.0,0.0,0.0,436458336.0,140127680.0,286701888.0,95508608.0,175649264.0,0.0,0.0,0.0,436526208.0,88383080.0,286761568.0,188232112.0,175442080.0,0.0,0.0,0.0,1562.237548828125,4618.1630859375,914.1140747070312,2242.1142578125,2114.16015625,0.0,0.0,0.0,5.0,5.0,5.0,5.0,5.0,2.0,2.0,2.0,0.0,0.0,0.0,0.0,0.0,0.0,0.0,0.0,1562.2020263671875,727.7913818359375,914.0244140625,455.40887451171875,2084.0029296875,0.0,0.0,0.0,1562.0,147.86669921875,913.4666748046875,1375.2669677734375,2031.9000244140625,0.0,0.0,0.0,2372056.25,761563.4375,1558162.5,519068.53125,954615.625,0.0,0.0,0.0,2371850.0,479855.0,1558018.0,1022715.0625,953170.0,0.0,0.0,0.0,1850.5787353515625,37.945430755615234,882.3136596679688,249.6087646484375,1332.3505859375,295.4472351074219,374.072998046875,989.1144409179688,0.0,0.0,0.0,0.0,0.0,0.0,0.0,0.0,2513.914306640625,5187.7763671875,1470.93017578125,2577.526611328125,3384.689453125,0.0,0.0,0.0,2.2771613657823764e-05,0.8424067497253418,9.803889406612143e-05,0.7968841791152954,0.014264339581131935,0.0,0.0,0.0,0.0,0.970077395439148,0.0006928454386070371,0.20408198237419128,0.051813699305057526,0.0,0.0,0.0,0.0,0.0,0.0,0.0,0.0,5000.0,5000.0,5000.0,0.0,0.0,0.0,0.0,0.0,5000.0,5000.0,5000.0,0.0,0.0,0.0,0.0,0.0,4399983.0,3794990.0,2429978.0,0.0,0.0,0.0,0.0,0.0,4399983.0,3794990.0,2429978.0,0.035574670881032944,3890.37158203125,0.0896187275648117,1786.705322265625,30.15709686279297,0.0,0.0,0.0,0.0,4793.76708984375,0.6333299875259399,352.63330078125,111.0333023071289,0.0,0.0,0.0,51.735076904296875,1900722.25,114.42131805419922,881973.8125,1477.593505859375,0.0,0.0,0.0,0.0,2339591.0,18.99989891052246,96403.0078125,3508.9990234375,0.0,0.0,0.0,2.496919870376587
2002-08-01,286.337890625,279.99822998046875,280.54638671875,286.337890625,279.99822998046875,280.54638671875,9459630080.0,0.0,0.0,0.0,0.0,0.0,91.43417358398438,184.0,184.06455993652344,95536184.0,1050677.875,0.0,1084009.5,1050677.875,1167105536.0,1208949376.0,1050677.875,11491.0859375,11389.67578125,0.0,3.0,5.0,51411020.0,519218.375,5710.2060546875,5710.2060546875,5889.28955078125,0.0,6342964.5,6342964.5,6568176.0,0.0,274.7458190917969,15486.6748046875,15156.8232421875,13256513.0,0.5030751824378967,0.4829273819923401,0.00550204748287797,353073088.0,15000.0,15000.0,11089951.0,11089951.0,130309.75,5780.8798828125,5500.38623046875,2962796.0,2610034.0,0.0,0.0,0.0,0.0,0.0,0.0,91.43417358398438,0.0,184.0,0.0,184.06455993652344,0.0,95536184.0,0.0,1050677.875,0.0,0.0,0.0,1084009.5,0.0,1050677.875,0.0,1167105536.0,0.0,0.0,0.0,1208949376.0,0.0,1167105536.0,0.0,11491.0859375,0.0,9305761.0,0.0,0.0,0.0,0.0,519218.375,0.0,5710.2060546875,0.0,5710.2060546875,0.0,5889.28955078125,0.0,0.0,0.0,6342964.5,0.0,6342964.5,0.0,6568176.0,0.0,0.0,0.0,0.0,15486.6748046875,15156.8232421875,0.0,13256513.0,0.0,0.5030751824378967,0.0,0.4829273819923401,0.0,0.00550204748287797,0.0,0.0,15000.0,0.0,15000.0,130309.75,0.0,5780.8798828125,0.0,5500.38623046875,0.0,2962796.0,0.0,2610034.0,0.0,3642469376.0,5648488.5,3611153152.0,10012542.0,2189247744.0,1098922.5,1957.7265625,470.8106384277344,96.76606750488281,70.60406494140625,24.84449005126953,34.23586654663086,3642467328.0,5648017.5,3611152896.0,10012472.0,2189247744.0,1098888.25,232211.8125,0.0,396756.25,0.0,421709.84375,0.0,189050016.0,0.0,524585568.0,0.0,453469984.0,0.0,19796030.0,30693.779296875,19625832.0,54411.93359375,11898083.0,5971.54541015625,0.0,0.0,0.0,0.0,0.0,0.0,19796030.0,30693.779296875,19625832.0,54411.93359375,11898083.0,5971.54541015625,275.18994140625,284.7455749511719,274.44866943359375,275.0306396484375,274.4698181152344,275.5226135253906,63.78000259399414,0.04857143014669418,270.3927917480469,247.67213439941406,271.0920104980469,272.8646545410156,267.76434326171875,316.85797119140625,302.9915771484375,294.606689453125,271.6248474121094,270.36981201171875,272.5337219238281,277.0570068359375,269.93511962890625,296.3310546875,286.14154052734375,287.970703125,271.4628601074219,268.8614196777344,272.36566162109375,276.70172119140625,269.7666015625,297.9102783203125,287.62615966796875,288.6861877441406,271.22454833984375,266.9013366699219,272.1523132324219,276.2433776855469,269.51416015625,299.9219665527344,289.6307678222656,289.476806640625,0.0,0.0,0.0,0.0,0.0,0.0,0.0,0.0,0.0,0.0,0.0,0.0,0.0,0.0,0.0,0.0,0.0,0.0,0.0,0.0,0.0,0.0,0.0,0.0,0.0,0.0,0.0,0.0,0.0,0.0,0.0,0.0,0.0,0.0,0.0,0.0,0.0,0.0,0.0,0.0,184.0,184.0,184.0,184.0,184.0,0.0,0.0,0.0,184.0517120361328,184.48825073242188,184.05648803710938,184.07415771484375,184.03990173339844,0.0,0.0,0.0,280811.90625,133242.84375,171074.828125,80778.796875,384769.53125,0.0,0.0,0.0,280862.90625,26982.900390625,170038.5,248761.296875,357363.90625,0.0,0.0,0.0,445163520.0,144283040.0,292005216.0,98036272.0,187617472.0,0.0,0.0,0.0,445232960.0,89219552.0,292032768.0,195943712.0,186520368.0,0.0,0.0,0.0,1526.1865234375,4657.98193359375,929.8472290039062,2231.609375,2145.4609375,0.0,0.0,0.0,5.0,5.0,5.0,5.0,5.0,2.0,2.0,2.0,0.0,0.0,0.0,0.0,0.0,0.0,0.0,0.0,1526.1517333984375,724.1458740234375,929.7544555664062,439.01519775390625,2091.138916015625,0.0,0.0,0.0,1526.0,146.2581024169922,923.8386840820312,1351.4189453125,1941.7740478515625,0.0,0.0,0.0,2419367.0,784146.9375,1586984.875,532805.8125,1019660.125,0.0,0.0,0.0,2419156.0,484389.0,1586657.0,1064609.0,1013365.0,0.0,0.0,0.0,1849.9932861328125,37.56904602050781,881.7946166992188,248.18157958984375,1273.5115966796875,295.4492492675781,375.5155334472656,989.1279296875,0.0,0.0,0.0,0.0,0.0,0.0,0.0,0.0,2455.790771484375,5226.7041015625,1496.1783447265625,2557.18115234375,3420.968994140625,0.0,0.0,0.0,2.2806476408732124e-05,0.8445366024971008,9.974924614652991e-05,0.8032741546630859,0.02531953528523445,0.0,0.0,0.0,0.0,0.9706335067749023,0.009784938767552376,0.21502721309661865,0.12871991097927094,0.0,0.0,0.0,0.0,0.0,0.0,0.0,0.0,5000.0,5000.0,5000.0,0.0,0.0,0.0,0.0,0.0,5000.0,5000.0,5000.0,0.0,0.0,0.0,0.0,0.0,4554983.0,3949990.0,2584978.0,0.0,0.0,0.0,0.0,0.0,4554983.0,3949990.0,2584978.0,0.03480693697929382,3933.836181640625,0.09275156259536743,1792.5941162109375,54.32207107543945,0.0,0.0,0.0,0.0,4834.19287109375,9.129032135009766,370.1935119628906,286.8710021972656,0.0,0.0,0.0,52.813377380371094,2022460.375,117.2752685546875,937345.75,2819.7490234375,0.0,0.0,0.0,0.0,2489451.0,301.9999084472656,107879.0,12402.0,0.0,0.0,0.0,2.5817933082580566
2002-09-01,286.52471923828125,280.2361145019531,280.7846374511719,286.52471923828125,280.2361145019531,280.7846374511719,9427365888.0,0.0,0.0,0.0,0.0,0.0,90.26862335205078,184.0,184.07855224609375,95205040.0,1037715.8125,0.0,1054247.5,1037715.8125,1199370112.0,1241631104.0,1037715.8125,11495.86328125,11445.3212890625,0.0,3.0,5.0,51235668.0,517418.71875,5639.759765625,5639.759765625,5727.16064453125,0.0,6518316.0,6518316.0,6745718.0,0.0,274.92987060546875,15486.5478515625,15120.6025390625,13725259.0,0.5094096660614014,0.4996068477630615,0.0056432634592056274,353357344.0,15000.0,15000.0,11554951.0,11554951.0,133231.671875,5856.10400390625,5718.1611328125,3143527.0,2787297.0,0.0,0.0,0.0,0.0,0.0,0.0,90.26862335205078,0.0,184.0,0.0,184.07855224609375,0.0,95205040.0,0.0,1037715.8125,0.0,0.0,0.0,1054247.5,0.0,1037715.8125,0.0,1199370112.0,0.0,0.0,0.0,1241631104.0,0.0,1199370240.0,0.0,11495.86328125,0.0,9661843.0,0.0,0.0,0.0,0.0,517418.71875,0.0,5639.759765625,0.0,5639.759765625,0.0,5727.16064453125,0.0,0.0,0.0,6518316.0,0.0,6518316.0,0.0,6745718.0,0.0,0.0,0.0,0.0,15486.5478515625,15120.6025390625,0.0,13725259.0,0.0,0.5094096660614014,0.0,0.4996068477630615,0.0,0.0056432634592056274,0.0,0.0,15000.0,0.0,15000.0,133231.671875,0.0,5856.10400390625,0.0,5718.1611328125,0.0,3143527.0,0.0,2787297.0,0.0,3635263488.0,5683185.5,3600903424.0,9991558.0,2174423552.0,1100208.5,2017.46044921875,468.09515380859375,97.96633911132812,68.99984741210938,25.50784683227539,33.66050338745117,3635261440.0,5682717.5,3600903424.0,9991489.0,2174423552.0,1100174.875,231266.296875,0.0,388835.40625,0.0,417614.125,0.0,196213600.0,0.0,536646848.0,0.0,466509760.0,0.0,19756868.0,30882.3515625,19570126.0,54297.890625,11817517.0,5978.537109375,0.0,0.0,0.0,0.0,0.0,0.0,19756868.0,30882.3515625,19570126.0,54297.890625,11817517.0,5978.537109375,275.3350524902344,284.90997314453125,274.6584167480469,275.2461853027344,274.67425537109375,275.72564697265625,65.35000610351562,0.05428571626543999,270.6630554199219,247.75413513183594,271.2372741699219,273.1512451171875,267.8271484375,317.0229187011719,303.1448974609375,294.780517578125,271.8565673828125,270.5171203613281,272.7073059082031,277.2824401855469,270.0870361328125,296.4961242675781,286.3562316894531,288.14556884765625,271.69891357421875,269.0082092285156,272.5358581542969,276.9321594238281,269.9103698730469,298.0753173828125,287.8357849121094,288.860595703125,271.4661560058594,267.0464782714844,272.3182373046875,276.47967529296875,269.6474609375,300.0870361328125,289.83294677734375,289.6506042480469,0.0,0.0,0.0,0.0,0.0,0.0,0.0,0.0,0.0,0.0,0.0,0.0,0.0,0.0,0.0,0.0,0.0,0.0,0.0,0.0,0.0,0.0,0.0,0.0,0.0,0.0,0.0,0.0,0.0,0.0,0.0,0.0,0.0,0.0,0.0,0.0,0.0,0.0,0.0,0.0,184.0,184.0,184.0,184.0,184.0,0.0,0.0,0.0,184.07684326171875,184.57815551757812,184.10621643066406,184.0789794921875,184.0270538330078,0.0,0.0,0.0,271078.3125,132408.65625,174284.4375,78252.8984375,381691.53125,0.0,0.0,0.0,271145.1875,26662.609375,169633.09375,244973.40625,341833.1875,0.0,0.0,0.0,453566944.0,148411424.0,297408032.0,100482424.0,199501296.0,0.0,0.0,0.0,453638464.0,90046096.0,297291392.0,203537888.0,197117184.0,0.0,0.0,0.0,1473.285400390625,4691.37353515625,947.294189453125,2223.400390625,2160.51025390625,0.0,0.0,0.0,5.0,5.0,5.0,5.0,5.0,2.0,2.0,2.0,0.0,0.0,0.0,0.0,0.0,0.0,0.0,0.0,1473.251708984375,719.6122436523438,947.197998046875,425.2874755859375,2074.410400390625,0.0,0.0,0.0,1473.0,144.45159912109375,921.3870849609375,1330.8060302734375,1857.5159912109375,0.0,0.0,0.0,2465037.75,806583.8125,1616348.0,546100.125,1084246.125,0.0,0.0,0.0,2464819.0,488867.0,1615220.0,1105864.0,1070948.0,0.0,0.0,0.0,1849.26904296875,37.21225357055664,881.2371215820312,247.07611083984375,1227.525390625,295.4514465332031,376.8902282714844,989.1425170898438,0.0,0.0,0.0,0.0,0.0,0.0,0.0,0.0,2370.5419921875,5258.4697265625,1524.1700439453125,2540.738037109375,3426.682861328125,0.0,0.0,0.0,2.2843170881969854e-05,0.8466094732284546,0.00010154624760616571,0.8087220191955566,0.03985164687037468,0.0,0.0,0.0,0.0,0.9711801409721375,0.04154222458600998,0.225054532289505,0.18582983314990997,0.0,0.0,0.0,0.0,0.0,0.0,0.0,0.0,5000.0,5000.0,5000.0,0.0,0.0,0.0,0.0,0.0,5000.0,5000.0,5000.0,0.0,0.0,0.0,0.0,0.0,4709983.0,4104990.0,2739978.0,0.0,0.0,0.0,0.0,0.0,4709983.0,4104990.0,2739978.0,0.033654507249593735,3971.76123046875,0.09619417041540146,1798.11279296875,86.09989166259766,0.0,0.0,0.0,0.0,4867.77392578125,39.93547821044922,386.48388671875,423.96771240234375,0.0,0.0,0.0,53.855934143066406,2145383.5,120.23445129394531,992916.0625,5053.3662109375,0.0,0.0,0.0,0.0,2640352.0,1539.999755859375,119860.0078125,25545.0,0.0,0.0,0.0,2.6666667461395264
2002-10-01,286.7462158203125,280.5083312988281,281.056884765625,286.7462158203125,280.5083312988281,281.056884765625,9396743168.0,0.0,0.0,0.0,0.0,0.0,88.7601547241211,184.0,184.07208251953125,94914920.0,1017738.0625,0.0,1020194.9375,1017738.0625,1229992704.0,1272236928.0,1017738.0625,11466.1591796875,11458.4326171875,0.0,3.0,5.0,51069244.0,515841.9375,5531.18505859375,5531.18505859375,5542.36669921875,0.0,6684743.5,6684743.5,6911989.0,0.0,275.16839599609375,15486.3837890625,15026.654296875,14176068.0,0.5176078677177429,0.5163067579269409,0.005831534508615732,353630080.0,15000.0,15000.0,12004951.0,12004951.0,136113.28125,5934.974609375,5916.06640625,3320809.75,2964779.0,0.0,0.0,0.0,0.0,0.0,0.0,88.7601547241211,0.0,184.0,0.0,184.07208251953125,0.0,94914920.0,0.0,1017738.0625,0.0,0.0,0.0,1020194.9375,0.0,1017738.0625,0.0,1229992704.0,0.0,0.0,0.0,1272236928.0,0.0,1229992832.0,0.0,11466.1591796875,0.0,10005553.0,0.0,0.0,0.0,0.0,515841.9375,0.0,5531.18505859375,0.0,5531.18505859375,0.0,5542.36669921875,0.0,0.0,0.0,6684743.5,0.0,6684743.5,0.0,6911989.0,0.0,0.0,0.0,0.0,15486.3837890625,15026.654296875,0.0,14176068.0,0.0,0.5176078677177429,0.0,0.5163067579269409,0.0,0.005831534508615732,0.0,0.0,15000.0,0.0,15000.0,136113.28125,0.0,5934.974609375,0.0,5916.06640625,0.0,3320809.75,0.0,2964779.0,0.0,3628502272.0,5715452.5,3591120640.0,9973167.0,2160329984.0,1101263.0,2056.4208984375,461.2571105957031,97.65290832519531,69.51541137695312,26.22954559326172,34.95205307006836,3628500224.0,5714991.5,3591120640.0,9973098.0,2160329984.0,1101228.125,226560.3125,0.0,379120.3125,0.0,412057.40625,0.0,203005392.0,0.0,548030912.0,0.0,478956512.0,0.0,19720122.0,31057.71484375,19516960.0,54197.94921875,11740921.0,5984.2734375,0.0,0.0,0.0,0.0,0.0,0.0,19720122.0,31057.71484375,19516960.0,54197.94921875,11740921.0,5984.2734375,275.5455017089844,285.1047668457031,274.9151611328125,275.49346923828125,274.9279479980469,275.9588928222656,66.75,0.05666666850447655,271.00787353515625,247.88108825683594,271.4141540527344,273.4407043457031,268.0464782714844,317.2203674316406,303.3481750488281,294.9873962402344,272.15509033203125,270.6999816894531,272.9200439453125,277.5425109863281,270.3325500488281,296.69378662109375,286.6158447265625,288.3534851074219,272.0029296875,269.1903381347656,272.74432373046875,277.1948547363281,270.1512145996094,298.2729187011719,288.0908203125,289.0680847167969,271.77728271484375,267.2268981933594,272.5212707519531,276.7452392578125,269.88299560546875,300.2846374511719,290.0811462402344,289.8575134277344,0.0,0.0,0.0,0.0,0.0,0.0,0.0,0.0,0.0,0.0,0.0,0.0,0.0,0.0,0.0,0.0,0.0,0.0,0.0,0.0,0.0,0.0,0.0,0.0,0.0,0.0,0.0,0.0,0.0,0.0,0.0,0.0,0.0,0.0,0.0,0.0,0.0,0.0,0.0,0.0,184.0,184.0,184.0,184.0,184.0,0.0,0.0,0.0,184.04550170898438,184.60337829589844,184.05490112304688,184.0789337158203,184.053955078125,0.0,0.0,0.0,259645.109375,131574.6875,178348.859375,77004.15625,371165.21875,0.0,0.0,0.0,259688.203125,26385.970703125,168858.09375,243045.5,322217.1875,0.0,0.0,0.0,461356288.0,152380384.0,302758496.0,102809208.0,210688384.0,0.0,0.0,0.0,461429120.0,90837672.0,302357152.0,210829248.0,206783712.0,0.0,0.0,0.0,1411.1470947265625,4722.26123046875,969.387451171875,2227.732421875,2135.630859375,0.0,0.0,0.0,5.0,5.0,5.0,5.0,5.0,2.0,2.0,2.0,0.0,0.0,0.0,0.0,0.0,0.0,0.0,0.0,1411.11474609375,715.079833984375,969.2872314453125,418.5008239746094,2017.2022705078125,0.0,0.0,0.0,1411.0,142.9333038330078,917.4332885742188,1320.3330078125,1750.6669921875,0.0,0.0,0.0,2507371.25,828154.25,1645426.625,558745.6875,1145045.625,0.0,0.0,0.0,2507149.0,493155.0,1642743.0,1145474.0,1123468.0,0.0,0.0,0.0,1848.3385009765625,36.87594985961914,880.6215209960938,246.00051879882812,1192.094970703125,295.4541015625,378.1637878417969,989.1588134765625,0.0,0.0,0.0,0.0,0.0,0.0,0.0,0.0,2270.404296875,5287.623046875,1559.6092529296875,2541.2314453125,3367.7861328125,0.0,0.0,0.0,2.2881282347952947e-05,0.8485725522041321,0.00010338353604311123,0.8121404647827148,0.05545370653271675,0.0,0.0,0.0,0.0,0.9716479182243347,0.08088161796331406,0.2340417504310608,0.23355317115783691,0.0,0.0,0.0,0.0,0.0,0.0,0.0,0.0,5000.0,5000.0,5000.0,0.0,0.0,0.0,0.0,0.0,5000.0,5000.0,5000.0,0.0,0.0,0.0,0.0,0.0,4859983.0,4254990.0,2889978.0,0.0,0.0,0.0,0.0,0.0,4859983.0,4254990.0,2889978.0,0.03228885680437088,4007.181640625,0.10021870583295822,1809.231689453125,118.42864990234375,0.0,0.0,0.0,0.0,4898.43310546875,80.73332977294922,403.43328857421875,533.4666748046875,0.0,0.0,0.0,54.823875427246094,2265414.25,123.21791076660156,1047053.0625,8164.26123046875,0.0,0.0,0.0,0.0,2787305.0,3961.99951171875,131963.0,41549.0,0.0,0.0,0.0,2.7488021850585938
2002-11-01,287.046875,280.84576416015625,281.39434814453125,287.046875,280.84576416015625,281.39434814453125,9365899264.0,0.0,0.0,0.0,0.0,0.0,86.93113708496094,184.0,184.0912322998047,94653184.0,991945.75,0.0,985624.5625,991945.75,1260836480.0,1302791296.0,991945.75,11410.7080078125,11429.484375,0.0,3.0,5.0,50901612.0,514419.5,5391.009765625,5391.009765625,5354.00048828125,0.0,6852372.0,6852372.0,7077963.0,0.0,275.50244140625,15486.1591796875,14887.6923828125,14637600.0,0.5275481939315796,0.5315623879432678,0.006068576127290726,353909248.0,15000.0,15000.0,12469951.0,12469951.0,139009.578125,6019.6982421875,6075.484375,3506629.5,3153119.0,0.0,0.0,0.0,0.0,0.0,0.0,86.93113708496094,0.0,184.0,0.0,184.0912322998047,0.0,94653184.0,0.0,991945.75,0.0,0.0,0.0,985624.5625,0.0,991945.75,0.0,1260836480.0,0.0,0.0,0.0,1302791296.0,0.0,1260836480.0,0.0,11410.7080078125,0.0,10359002.0,0.0,0.0,0.0,0.0,514419.5,0.0,5391.009765625,0.0,5391.009765625,0.0,5354.00048828125,0.0,0.0,0.0,6852372.0,0.0,6852372.0,0.0,7077963.0,0.0,0.0,0.0,0.0,15486.1591796875,14887.6923828125,0.0,14637600.0,0.0,0.5275481939315796,0.0,0.5315623879432678,0.0,0.006068576127290726,0.0,0.0,15000.0,0.0,15000.0,139009.578125,0.0,6019.6982421875,0.0,6075.484375,0.0,3506629.5,0.0,3153119.0,0.0,3621838592.0,5747375.0,3581221376.0,9956354.0,2146033024.0,1102384.0,2059.531494140625,457.4862060546875,97.93206024169922,69.44318389892578,25.265100479125977,35.688655853271484,3621836544.0,5746917.5,3581221120.0,9956285.0,2146033024.0,1102348.25,216775.484375,0.0,374210.84375,0.0,400959.4375,0.0,209709536.0,0.0,559650624.0,0.0,491476384.0,0.0,19683906.0,31231.205078125,19463158.0,54106.58203125,11663221.0,5990.37353515625,0.0,0.0,0.0,0.0,0.0,0.0,19683906.0,31231.205078125,19463158.0,54106.58203125,11663221.0,5990.37353515625,275.8779602050781,285.3714599609375,275.2490234375,275.8047180175781,275.2636413574219,276.25262451171875,68.18000030517578,0.04857143014669418,271.40093994140625,248.06179809570312,271.6606140136719,273.76385498046875,268.5420837402344,317.4935607910156,303.6163635253906,295.25,272.52734375,270.9409484863281,273.2120361328125,277.8749694824219,270.7454833984375,296.96734619140625,286.9397888183594,288.616943359375,272.3780212402344,269.42999267578125,273.0308532714844,277.527099609375,270.566162109375,298.54644775390625,288.41021728515625,289.3311767578125,272.156005859375,267.4641418457031,272.8008728027344,277.07672119140625,270.30316162109375,300.55804443359375,290.3937683105469,290.1201477050781,0.0,0.0,0.0,0.0,0.0,0.0,0.0,0.0,0.0,0.0,0.0,0.0,0.0,0.0,0.0,0.0,0.0,0.0,0.0,0.0,0.0,0.0,0.0,0.0,0.0,0.0,0.0,0.0,0.0,0.0,0.0,0.0,0.0,0.0,0.0,0.0,0.0,0.0,0.0,0.0,184.0,184.0,184.0,184.0,184.0,0.0,0.0,0.0,184.0538330078125,184.50889587402344,184.12173461914062,184.0960235595703,184.0648956298828,0.0,0.0,0.0,254682.640625,130766.1015625,183505.46875,76975.1171875,346016.46875,0.0,0.0,0.0,254730.5,26152.640625,169243.5,243386.90625,292111.0,0.0,0.0,0.0,469251456.0,156457008.0,308447168.0,105212472.0,221468368.0,0.0,0.0,0.0,469325760.0,91648408.0,307603680.0,218374240.0,215839152.0,0.0,0.0,0.0,1384.176513671875,4754.5302734375,997.4174194335938,2249.171630859375,2025.4119873046875,0.0,0.0,0.0,5.0,5.0,5.0,5.0,5.0,2.0,2.0,2.0,0.0,0.0,0.0,0.0,0.0,0.0,0.0,0.0,1384.144775390625,710.685302734375,997.3123168945312,418.343017578125,1880.524169921875,0.0,0.0,0.0,1384.0,141.7418975830078,919.1934814453125,1322.06494140625,1587.0,0.0,0.0,0.0,2550279.75,850309.8125,1676343.25,571806.875,1203632.375,0.0,0.0,0.0,2550053.0,497549.0,1671238.0,1186458.0,1172665.0,0.0,0.0,0.0,1847.2032470703125,36.5426139831543,879.8700561523438,244.73049926757812,1161.88427734375,295.4577331542969,379.432861328125,989.1784057617188,0.0,0.0,0.0,0.0,0.0,0.0,0.0,0.0,2226.802734375,5318.2373046875,1604.55419921875,2563.184326171875,3174.913818359375,0.0,0.0,0.0,2.292554381710943e-05,0.8505246043205261,0.00010538841161178425,0.8140012621879578,0.07153498381376266,0.0,0.0,0.0,0.0,0.9720531702041626,0.11665324866771698,0.24200554192066193,0.2749793529510498,0.0,0.0,0.0,0.0,0.0,0.0,0.0,0.0,5000.0,5000.0,5000.0,0.0,0.0,0.0,0.0,0.0,5000.0,5000.0,5000.0,0.0,0.0,0.0,0.0,0.0,5014983.0,4409990.0,3044978.0,0.0,0.0,0.0,0.0,0.0,5014983.0,4409990.0,3044978.0,0.03173299878835678,4043.844970703125,0.10511623322963715,1830.82861328125,144.8878173828125,0.0,0.0,0.0,0.0,4930.09716796875,121.38710021972656,422.0968017578125,601.9031982421875,0.0,0.0,0.0,55.80665969848633,2390578.75,126.44969177246094,1103666.125,12202.49609375,0.0,0.0,0.0,0.0,2940138.0,7724.99951171875,145048.0,60208.0,0.0,0.0,0.0,2.8336756229400635
2002-12-01,287.3428039550781,281.16607666015625,281.71490478515625,287.3428039550781,281.16607666015625,281.71490478515625,9336381440.0,0.0,0.0,0.0,0.0,0.0,85.77582550048828,184.0,184.07855224609375,94382760.0,981096.75,0.0,967026.125,981096.6875,1290353792.0,1331801984.0,981096.75,11437.9169921875,11480.30078125,0.0,3.0,5.0,50741192.0,512949.78125,5332.0478515625,5332.0478515625,5253.33349609375,0.0,7012792.0,7012792.0,7235563.0,0.0,275.8138427734375,15485.9375,14880.9208984375,15084039.0,0.5338270664215088,0.5424045324325562,0.0062235137447714806,354176800.0,15000.0,15000.0,12919951.0,12919951.0,141737.125,6105.86962890625,6226.96728515625,3689090.75,3339928.0,0.0,0.0,0.0,0.0,0.0,0.0,85.77582550048828,0.0,184.0,0.0,184.07855224609375,0.0,94382760.0,0.0,981096.75,0.0,0.0,0.0,967026.125,0.0,981096.6875,0.0,1290353792.0,0.0,0.0,0.0,1331801984.0,0.0,1290353792.0,0.0,11437.9169921875,0.0,10701883.0,0.0,0.0,0.0,0.0,512949.78125,0.0,5332.0478515625,0.0,5332.0478515625,0.0,5253.33349609375,0.0,0.0,0.0,7012792.0,0.0,7012792.0,0.0,7235563.0,0.0,0.0,0.0,0.0,15485.9375,14880.9208984375,0.0,15084039.0,0.0,0.5338270664215088,0.0,0.5424045324325562,0.0,0.0062235137447714806,0.0,0.0,15000.0,0.0,15000.0,141737.125,0.0,6105.86962890625,0.0,6226.96728515625,0.0,3689090.75,0.0,3339928.0,0.0,3615544832.0,5777196.0,3571716096.0,9941469.0,2132298624.0,1103385.25,2071.306396484375,448.5581970214844,95.34805297851562,69.33935546875,24.078725814819336,36.681434631347656,3615542784.0,5776747.5,3571716096.0,9941400.0,2132298624.0,1103348.5,210853.953125,0.0,375090.21875,0.0,395152.53125,0.0,216024160.0,0.0,570921216.0,0.0,503408448.0,0.0,19649700.0,31393.27734375,19411500.0,54025.6875,11588577.0,5995.8203125,0.0,0.0,0.0,0.0,0.0,0.0,19649700.0,31393.27734375,19411500.0,54025.6875,11588577.0,5995.8203125,276.19647216796875,285.6476135253906,275.5555419921875,276.11224365234375,275.56964111328125,276.5458068847656,69.4800033569336,0.03333333507180214,271.7087707519531,248.2185516357422,271.8698425292969,274.059326171875,268.956298828125,317.77197265625,303.8661804199219,295.5198669433594,272.8412780761719,271.18072509765625,273.4781188964844,278.1907043457031,271.1034240722656,297.2460021972656,287.24114990234375,288.887939453125,272.6915588378906,269.6666259765625,273.290283203125,277.8420104980469,270.92462158203125,298.8250427246094,288.70733642578125,289.6017150878906,272.4686584472656,267.6962585449219,273.05181884765625,277.39013671875,270.6646423339844,300.8366394042969,290.68463134765625,290.3900451660156,0.0,0.0,0.0,0.0,0.0,0.0,0.0,0.0,0.0,0.0,0.0,0.0,0.0,0.0,0.0,0.0,0.0,0.0,0.0,0.0,0.0,0.0,0.0,0.0,0.0,0.0,0.0,0.0,0.0,0.0,0.0,0.0,0.0,0.0,0.0,0.0,0.0,0.0,0.0,0.0,184.0,184.0,184.0,184.0,184.0,0.0,0.0,0.0,184.07241821289062,184.5791778564453,184.0697479248047,184.07321166992188,184.0467529296875,0.0,0.0,0.0,256168.25,130235.2109375,190020.609375,77256.015625,327416.6875,0.0,0.0,0.0,256228.796875,25982.599609375,170743.09375,244154.703125,269916.90625,0.0,0.0,0.0,476936512.0,160384032.0,314147744.0,107544992.0,231340480.0,0.0,0.0,0.0,477012608.0,92427880.0,312725984.0,225698880.0,223936656.0,0.0,0.0,0.0,1392.250732421875,4789.80126953125,1032.8316650390625,2273.101318359375,1949.9324951171875,0.0,0.0,0.0,5.0,5.0,5.0,5.0,5.0,2.0,2.0,2.0,0.0,0.0,0.0,0.0,0.0,0.0,0.0,0.0,1392.21875,707.800048828125,1032.720703125,419.8696594238281,1779.4385986328125,0.0,0.0,0.0,1392.0,140.76669311523438,927.5999755859375,1326.4000244140625,1466.5670166015625,0.0,0.0,0.0,2592046.25,871652.375,1707324.75,584483.625,1257285.25,0.0,0.0,0.0,2591813.0,501772.0,1699066.0,1226250.0,1216662.0,0.0,0.0,0.0,1846.25244140625,36.25362777709961,879.1464233398438,243.25584411621094,1135.234130859375,295.4614562988281,380.6114501953125,989.1982421875,0.0,0.0,0.0,0.0,0.0,0.0,0.0,0.0,2239.5859375,5352.8232421875,1661.3712158203125,2588.679931640625,3038.460205078125,0.0,0.0,0.0,2.2995092876954004e-05,0.8522276878356934,0.00010746398766059428,0.8152877688407898,0.087435781955719,0.0,0.0,0.0,0.0,0.9724307656288147,0.1499786376953125,0.24925005435943604,0.30963435769081116,0.0,0.0,0.0,0.0,0.0,0.0,0.0,0.0,5000.0,5000.0,5000.0,0.0,0.0,0.0,0.0,0.0,5000.0,5000.0,5000.0,0.0,0.0,0.0,0.0,0.0,5164983.0,4559990.0,3194978.0,0.0,0.0,0.0,0.0,0.0,5164983.0,4559990.0,3194978.0,0.032014936208724976,4082.0009765625,0.11099221557378769,1853.2315673828125,170.49386596679688,0.0,0.0,0.0,0.0,4965.1669921875,163.6667022705078,440.36669921875,657.7667236328125,0.0,0.0,0.0,56.765682220458984,2512868.75,129.75161743164062,1159138.875,16896.607421875,0.0,0.0,0.0,0.0,3089093.0,12635.0009765625,158259.0,79941.0,0.0,0.0,0.0,2.915811061859131
2003-01-01,287.437744140625,281.4610900878906,282.0129699707031,287.437744140625,281.4610900878906,282.0129699707031,9306815488.0,0.0,0.0,0.0,0.0,0.0,85.2256851196289,184.0,184.092529296875,94135688.0,951665.9375,0.0,929821.5,951665.9375,1319919872.0,1360626560.0,951665.9375,11166.421875,11232.2890625,0.0,3.0,5.0,50580508.0,511607.0,5172.09765625,5172.09765625,5050.837890625,0.0,7173478.0,7173478.0,7392139.0,0.0,276.0933837890625,14986.19921875,14507.703125,15533788.0,0.5368169546127319,0.5503287315368652,0.006298769265413284,354441504.0,14516.126953125,14516.126953125,13369951.0,13369951.0,144622.890625,5994.32421875,6181.451171875,3874368.5,3531553.0,0.0,0.0,0.0,0.0,0.0,0.0,85.2256851196289,0.0,184.0,0.0,184.092529296875,0.0,94135688.0,0.0,951665.9375,0.0,0.0,0.0,929821.5,0.0,951665.9375,0.0,1319919872.0,0.0,0.0,0.0,1360626560.0,0.0,1319920000.0,0.0,11166.421875,0.0,11047846.0,0.0,0.0,0.0,0.0,511607.0,0.0,5172.09765625,0.0,5172.09765625,0.0,5050.837890625,0.0,0.0,0.0,7173478.0,0.0,7173478.0,0.0,7392139.0,0.0,0.0,0.0,0.0,14986.19921875,14507.703125,0.0,15533788.0,0.0,0.5368169546127319,0.0,0.5503287315368652,0.0,0.006298769265413284,0.0,0.0,14516.126953125,0.0,14516.126953125,144622.890625,0.0,5994.32421875,0.0,6181.451171875,0.0,3874368.5,0.0,3531553.0,0.0,3609186048.0,5808786.5,3562166784.0,9929830.0,2118619520.0,1104432.75,1997.30029296875,433.98162841796875,96.36669921875,66.6395263671875,24.208972930908203,36.21966552734375,3609184000.0,5808352.5,3562166784.0,9929763.0,2118619520.0,1104396.5,205510.78125,0.0,363443.9375,0.0,382711.21875,0.0,222398896.0,0.0,582193856.0,0.0,515327200.0,0.0,19615142.0,31564.96484375,19359602.0,53962.43359375,11514234.0,6001.515625,0.0,0.0,0.0,0.0,0.0,0.0,19615142.0,31564.96484375,19359602.0,53962.43359375,11514234.0,6001.515625,276.44952392578125,285.662841796875,275.84942626953125,276.38665771484375,275.86907958984375,276.8016662597656,70.9000015258789,0.051428575068712234,272.01959228515625,249.27255249023438,272.18609619140625,274.47308349609375,269.26708984375,316.9156799316406,303.33721923828125,295.3363342285156,273.120361328125,271.5470275878906,273.7921447753906,278.4393615722656,271.39532470703125,297.0504150390625,287.2939147949219,288.9212951660156,272.9749755859375,270.07952880859375,273.6045227050781,278.1044616699219,271.21551513671875,298.5791931152344,288.7093200683594,289.6114501953125,272.7578125,268.1672668457031,273.3663024902344,277.66973876953125,270.95550537109375,300.5268249511719,290.6183776855469,290.3733215332031,0.0,0.0,0.0,0.0,0.0,0.0,0.0,0.0,0.0,0.0,0.0,0.0,0.0,0.0,0.0,0.0,0.0,0.0,0.0,0.0,0.0,0.0,0.0,0.0,0.0,0.0,0.0,0.0,0.0,0.0,0.0,0.0,0.0,0.0,0.0,0.0,0.0,0.0,0.0,0.0,184.0,184.0,184.0,184.0,184.0,0.0,0.0,0.0,184.08740234375,184.55154418945312,184.12245178222656,184.05572509765625,184.06698608398438,0.0,0.0,0.0,248805.640625,125333.765625,189563.0,72977.171875,314986.375,0.0,0.0,0.0,248874.203125,25021.609375,166221.0,234439.5,255265.203125,0.0,0.0,0.0,484649472.0,164284464.0,320024192.0,109804600.0,241157184.0,0.0,0.0,0.0,484727712.0,93203552.0,317878848.0,232966512.0,231849872.0,0.0,0.0,0.0,1352.23583984375,4670.6435546875,1030.3466796875,2202.521728515625,1910.67431640625,0.0,0.0,0.0,5.0,5.0,5.0,5.0,5.0,2.0,2.0,2.0,0.0,0.0,0.0,0.0,0.0,0.0,0.0,0.0,1352.20458984375,681.1618041992188,1030.233642578125,396.6150817871094,1711.882568359375,0.0,0.0,0.0,1351.93505859375,135.58059692382812,902.774169921875,1273.741943359375,1386.8060302734375,0.0,0.0,0.0,2633964.5,892850.375,1739261.875,596764.125,1310636.875,0.0,0.0,0.0,2633723.0,505975.0,1727052.0,1265736.0,1259653.0,0.0,0.0,0.0,1845.35107421875,35.959617614746094,878.3078002929688,243.7186737060547,1109.1942138671875,295.4573059082031,381.70751953125,989.2039184570312,0.0,0.0,0.0,0.0,0.0,0.0,0.0,0.0,2175.03955078125,5214.31396484375,1657.237060546875,2502.338134765625,2958.77490234375,0.0,0.0,0.0,2.312084507138934e-05,0.8541610240936279,0.00010969498544000089,0.8199267983436584,0.10404275357723236,0.0,0.0,0.0,0.0,0.9727463722229004,0.18006566166877747,0.25634217262268066,0.33700889348983765,0.0,0.0,0.0,0.0,0.0,0.0,0.0,0.0,4838.708984375,4838.708984375,4838.708984375,0.0,0.0,0.0,0.0,0.0,4838.708984375,4838.708984375,4838.708984375,0.0,0.0,0.0,0.0,0.0,5314983.0,4709990.0,3344978.0,0.0,0.0,0.0,0.0,0.0,5314983.0,4709990.0,3344978.0,0.031264834105968475,3989.481689453125,0.11302386224269867,1805.9066162109375,198.79180908203125,0.0,0.0,0.0,0.0,4839.19287109375,198.2581024169922,439.06451416015625,704.9354858398438,0.0,0.0,0.0,57.73232650756836,2636414.0,133.22442626953125,1215146.0,22617.361328125,0.0,0.0,0.0,0.0,3239108.0,18781.001953125,171870.0,101794.0,0.0,0.0,0.0,3.0006844997406006
2003-02-01,287.4441223144531,281.4700622558594,282.0219421386719,287.4441223144531,281.4700622558594,282.0219421386719,9305864192.0,0.0,0.0,0.0,0.0,0.0,85.20597839355469,0.0,0.0,94126728.0,0.0,0.0,0.0,0.0,1320871424.0,1361556352.0,951491.1875,0.0,0.0,0.0,3.0,5.0,50575336.0,511558.3125,0.0,0.0,0.0,0.0,7178649.0,7178649.0,7397190.0,0.0,276.1014099121094,14986.1796875,14507.62890625,15548296.0,0.0,0.0,0.0063014826737344265,354450048.0,0.0,0.0,13384467.0,13384467.0,144712.109375,0.0,0.0,3880364.25,3537734.5,0.0,0.0,0.0,0.0,0.0,0.0,85.20597839355469,0.0,0.0,0.0,0.0,0.0,94126728.0,0.0,0.0,0.0,0.0,0.0,0.0,0.0,0.0,0.0,1320871424.0,0.0,0.0,0.0,1361556352.0,0.0,1320871424.0,0.0,0.0,0.0,11059013.0,0.0,0.0,0.0,0.0,511558.3125,0.0,0.0,0.0,0.0,0.0,0.0,0.0,0.0,0.0,7178649.0,0.0,7178649.0,0.0,7397190.0,0.0,0.0,0.0,0.0,14986.1796875,14507.62890625,0.0,15548296.0,0.0,0.0,0.0,0.0,0.0,0.0063014826737344265,0.0,0.0,0.0,0.0,0.0,144712.109375,0.0,0.0,0.0,0.0,0.0,3880364.25,0.0,3537734.5,0.0,3608981248.0,5809792.0,3561856000.0,9929470.0,2118182912.0,1104468.25,1992.8720703125,433.7342224121094,96.3037338256836,66.5627212524414,24.18100929260254,36.17230224609375,3608979200.0,5809358.5,3561856000.0,9929404.0,2118182784.0,1104432.0,0.0,0.0,0.0,0.0,0.0,0.0,222604384.0,0.0,582557312.0,0.0,515709792.0,0.0,19614030.0,31570.431640625,19357912.0,53960.48046875,11511861.0,6001.70849609375,0.0,0.0,0.0,0.0,0.0,0.0,19614030.0,31570.431640625,19357912.0,53960.48046875,11511861.0,6001.70849609375,276.45654296875,285.66766357421875,275.85809326171875,276.39569091796875,275.877685546875,276.8103942871094,71.02000427246094,0.12000000476837158,272.0273742675781,249.28335571289062,272.1949768066406,274.48187255859375,269.2729187011719,316.920654296875,303.3440856933594,295.34503173828125,273.1282043457031,271.5556335449219,273.80108642578125,278.447265625,271.40234375,297.0553894042969,287.30230712890625,288.9300231933594,272.9827880859375,270.0883483886719,273.6134338378906,278.1124572753906,271.222412109375,298.58416748046875,288.7175598144531,289.62017822265625,272.765625,268.1763610839844,273.375244140625,277.6778259277344,270.9622497558594,300.53179931640625,290.6264343261719,290.38201904296875,0.0,0.0,0.0,0.0,0.0,0.0,0.0,0.0,0.0,0.0,0.0,0.0,0.0,0.0,0.0,0.0,0.0,0.0,0.0,0.0,0.0,0.0,0.0,0.0,0.0,0.0,0.0,0.0,0.0,0.0,0.0,0.0,0.0,0.0,0.0,0.0,0.0,0.0,0.0,0.0,0.0,0.0,0.0,0.0,0.0,0.0,0.0,0.0,0.0,0.0,0.0,0.0,0.0,0.0,0.0,0.0,0.0,0.0,0.0,0.0,0.0,0.0,0.0,0.0,0.0,0.0,0.0,0.0,0.0,0.0,0.0,0.0,484898272.0,164409760.0,320213760.0,109877576.0,241472032.0,0.0,0.0,0.0,484976608.0,93228576.0,318045056.0,233200944.0,232105136.0,0.0,0.0,0.0,0.0,0.0,0.0,0.0,0.0,0.0,0.0,0.0,5.0,5.0,5.0,5.0,5.0,2.0,2.0,2.0,0.0,0.0,0.0,0.0,0.0,0.0,0.0,0.0,0.0,0.0,0.0,0.0,0.0,0.0,0.0,0.0,0.0,0.0,0.0,0.0,0.0,0.0,0.0,0.0,2635316.75,893531.3125,1740292.125,597160.75,1312348.0,0.0,0.0,0.0,2635075.0,506110.59375,1727954.75,1267009.75,1261039.75,0.0,0.0,0.0,1845.326171875,35.95165252685547,878.2821655273438,243.7154541015625,1108.354736328125,295.4573974609375,381.74334716796875,989.20458984375,0.0,0.0,0.0,0.0,0.0,0.0,0.0,0.0,2175.021728515625,5214.3056640625,1657.224853515625,2502.320556640625,2958.755615234375,0.0,0.0,0.0,0.0,0.0,0.0,0.0,0.0,0.0,0.0,0.0,0.0,0.0,0.0,0.0,0.0,0.0,0.0,0.0,0.0,0.0,0.0,0.0,0.0,0.0,0.0,0.0,0.0,0.0,0.0,0.0,0.0,0.0,0.0,0.0,0.0,0.0,0.0,0.0,0.0,5319821.5,4714828.5,3349816.75,0.0,0.0,0.0,0.0,0.0,5319821.5,4714828.5,3349816.75,0.0,0.0,0.0,0.0,0.0,0.0,0.0,0.0,0.0,0.0,0.0,0.0,0.0,0.0,0.0,0.0,57.76359558105469,2640404.0,133.3375244140625,1216952.0,22817.251953125,0.0,0.0,0.0,0.0,3243947.25,18979.259765625,172309.0625,102498.9375,0.0,0.0,0.0,3.003422260284424
